# Diameter of fibers and ra,dec positions in the sky 
0.75 
188.918560603 62.156233161 
188.919765089 62.1566588627 
188.920969575 62.1570845645 
188.922178804 62.1575119422 
188.92338329 62.157937644 
188.924587776 62.1583633457 
188.925792262 62.1587890475 
188.927001491 62.1592164252 
188.928205977 62.159642127 
188.929410463 62.1600678287 
188.930614949 62.1604935305 
188.931819436 62.1609192323 
188.933028664 62.16134661 
188.93423315 62.1617723117 
188.935437636 62.1621980135 
188.936642123 62.1626237153 
188.937851351 62.163051093 
188.939055837 62.1634767948 
188.940260323 62.1639024965 
188.917165458 62.1565098689 
188.918369944 62.1569355707 
188.91957443 62.1573612724 
188.920778916 62.1577869742 
188.921988145 62.1582143519 
188.923192631 62.1586400537 
188.924397117 62.1590657554 
188.925601603 62.1594914572 
188.926810832 62.1599188349 
188.928015318 62.1603445367 
188.929219804 62.1607702384 
188.93042429 62.1611959402 
188.931633519 62.1616233179 
188.932838005 62.1620490197 
188.934042491 62.1624747214 
188.935246977 62.1629004232 
188.936456206 62.1633278009 
188.937660692 62.1637535027 
188.938865178 62.1641792044 
188.940069665 62.1646049062 
188.916978386 62.1572100634 
188.918182873 62.1576357651 
188.919387359 62.1580614669 
188.920596587 62.1584888446 
188.921801074 62.1589145464 
188.92300556 62.1593402481 
188.924210046 62.1597659499 
188.925419274 62.1601933276 
188.926623761 62.1606190294 
188.927828247 62.1610447311 
188.929032733 62.1614704329 
188.930237219 62.1618961347 
188.931446448 62.1623235124 
188.932650934 62.1627492142 
188.93385542 62.1631749159 
188.935059906 62.1636006177 
188.936269135 62.1640279954 
188.937473621 62.1644536972 
188.938678107 62.1648793989 
188.915586829 62.1574845561 
188.916791315 62.1579102579 
188.917995802 62.1583359596 
188.919200288 62.1587616614 
188.920409516 62.1591890391 
188.921614002 62.1596147409 
188.922818489 62.1600404426 
188.924022975 62.1604661444 
188.925232203 62.1608935221 
188.926436689 62.1613192239 
188.927641176 62.1617449256 
188.928845662 62.1621706274 
188.93005489 62.1625980051 
188.931259376 62.1630237069 
188.932463863 62.1634494086 
188.933668349 62.1638751104 
188.934877577 62.1643024881 
188.936082064 62.1647281899 
188.93728655 62.1651538916 
188.938491036 62.1655795934 
188.91539617 62.1581869658 
188.916600656 62.1586126675 
188.917805143 62.1590383693 
188.919014371 62.159465747 
188.920218857 62.1598914488 
188.921423343 62.1603171506 
188.92262783 62.1607428523 
188.923837058 62.16117023 
188.925041544 62.1615959318 
188.926246031 62.1620216336 
188.927450517 62.1624473353 
188.928655003 62.1628730371 
188.929864231 62.1633004148 
188.931068718 62.1637261166 
188.932273204 62.1641518183 
188.93347769 62.1645775201 
188.934686918 62.1650048978 
188.935891405 62.1654305996 
188.937095891 62.1658563013 
188.914004613 62.1584614585 
188.915209099 62.1588871603 
188.916413585 62.159312862 
188.917618072 62.1597385638 
188.9188273 62.1601659415 
188.920031786 62.1605916433 
188.921236272 62.161017345 
188.922440759 62.1614430468 
188.923649987 62.1618704245 
188.924854473 62.1622961263 
188.926058959 62.162721828 
188.927263446 62.1631475298 
188.928472674 62.1635749075 
188.92967716 62.1640006093 
188.930881646 62.164426311 
188.932086133 62.1648520128 
188.933295361 62.1652793905 
188.934499847 62.1657050923 
188.935704334 62.166130794 
188.93690882 62.1665564958 
188.913817542 62.159161653 
188.915022028 62.1595873548 
188.916226514 62.1600130565 
188.917435743 62.1604404343 
188.918640229 62.160866136 
188.919844715 62.1612918378 
188.921049201 62.1617175395 
188.92225843 62.1621449173 
188.923462916 62.162570619 
188.924667402 62.1629963208 
188.925871888 62.1634220225 
188.927076375 62.1638477243 
188.928285603 62.164275102 
188.929490089 62.1647008038 
188.930694575 62.1651265055 
188.931899062 62.1655522073 
188.93310829 62.165979585 
188.934312776 62.1664052868 
188.935517262 62.1668309885 
188.912422397 62.1594383609 
188.913626883 62.1598640627 
188.914831369 62.1602897644 
188.916035855 62.1607154662 
188.917245084 62.1611428439 
188.91844957 62.1615685457 
188.919654056 62.1619942474 
188.920858542 62.1624199492 
188.922067771 62.1628473269 
188.923272257 62.1632730287 
188.924476743 62.1636987304 
188.925681229 62.1641244322 
188.926890458 62.1645518099 
188.928094944 62.1649775117 
188.92929943 62.1654032134 
188.930503916 62.1658289152 
188.931713145 62.1662562929 
188.932917631 62.1666819947 
188.934122117 62.1671076964 
188.935326603 62.1675333982 
188.912235325 62.1601385554 
188.913439812 62.1605642572 
188.914644298 62.1609899589 
188.915853526 62.1614173367 
188.917058012 62.1618430384 
188.918262499 62.1622687402 
188.919466985 62.1626944419 
188.920676213 62.1631218197 
188.9218807 62.1635475214 
188.923085186 62.1639732232 
188.924289672 62.1643989249 
188.925494158 62.1648246267 
188.926703387 62.1652520044 
188.927907873 62.1656777062 
188.929112359 62.1661034079 
188.930316845 62.1665291097 
188.931526074 62.1669564874 
188.93273056 62.1673821892 
188.933935046 62.1678078909 
188.910843768 62.1604130481 
188.912048254 62.1608387499 
188.913252741 62.1612644516 
188.914457227 62.1616901534 
188.915666455 62.1621175311 
188.916870941 62.1625432329 
188.918075428 62.1629689346 
188.919279914 62.1633946364 
188.920489142 62.1638220141 
188.921693628 62.1642477159 
188.922898115 62.1646734176 
188.924102601 62.1650991194 
188.925311829 62.1655264971 
188.926516315 62.1659521989 
188.927720802 62.1663779006 
188.928925288 62.1668036024 
188.930134516 62.1672309801 
188.931339002 62.1676566819 
188.932543489 62.1680823836 
188.933747975 62.1685080854 
188.910653109 62.1611154578 
188.911857595 62.1615411596 
188.913062082 62.1619668613 
188.91427131 62.1623942391 
188.915475796 62.1628199408 
188.916680282 62.1632456426 
188.917884769 62.1636713443 
188.919093997 62.1640987221 
188.920298483 62.1645244238 
188.921502969 62.1649501256 
188.922707456 62.1653758273 
188.923911942 62.1658015291 
188.92512117 62.1662289068 
188.926325657 62.1666546086 
188.927530143 62.1670803103 
188.928734629 62.1675060121 
188.929943857 62.1679333898 
188.931148344 62.1683590916 
188.93235283 62.1687847933 
188.909261552 62.1613899505 
188.910466038 62.1618156523 
188.911670524 62.162241354 
188.91287501 62.1626670558 
188.914084239 62.1630944335 
188.915288725 62.1635201353 
188.916493211 62.163945837 
188.917697698 62.1643715388 
188.918906926 62.1647989165 
188.920111412 62.1652246183 
