# Diameter of fibers and ra,dec positions in the sky 
0.75 
188.925908845 62.1646490651 
188.927113294 62.1650747652 
188.928322485 62.1655021413 
188.929526934 62.1659278414 
188.930731383 62.1663535415 
188.931935832 62.1667792416 
188.933145023 62.1672066177 
188.934349472 62.1676323178 
188.935553922 62.1680580179 
188.936758371 62.168483718 
188.91366781 62.1610889068 
188.914872259 62.1615146069 
188.916076708 62.161940307 
188.917285899 62.1623676831 
188.918490348 62.1627933832 
188.919694797 62.1632190833 
188.920899246 62.1636447834 
188.922108437 62.1640721595 
188.923312886 62.1644978596 
188.924517335 62.1649235597 
188.925721784 62.1653492598 
188.926926234 62.1657749599 
188.928135425 62.166202336 
188.929339874 62.1666280361 
188.930544323 62.1670537362 
188.931748772 62.1674794363 
188.932957963 62.1679068124 
188.934162412 62.1683325125 
188.935366861 62.1687582126 
188.912272713 62.1613656167 
188.913477162 62.1617913168 
188.914681611 62.1622170169 
188.91588606 62.162642717 
188.917095251 62.1630700931 
188.9182997 62.1634957932 
188.919504149 62.1639214933 
188.920708598 62.1643471934 
188.921917789 62.1647745695 
188.923122238 62.1652002696 
188.924326687 62.1656259697 
188.925531136 62.1660516698 
188.926740327 62.1664790459 
188.927944776 62.166904746 
188.929149225 62.1673304461 
188.930353675 62.1677561462 
188.931562866 62.1681835223 
188.932767315 62.1686092224 
188.933971764 62.1690349225 
188.935176213 62.1694606226 
188.912085652 62.1620658114 
188.913290101 62.1624915115 
188.91449455 62.1629172116 
188.915703741 62.1633445877 
188.91690819 62.1637702878 
188.918112639 62.1641959879 
188.919317088 62.164621688 
188.920526279 62.1650490641 
188.921730729 62.1654747642 
188.922935178 62.1659004643 
188.924139627 62.1663261644 
188.925344076 62.1667518645 
188.926553267 62.1671792406 
188.927757716 62.1676049407 
188.928962165 62.1680306408 
188.930166614 62.1684563409 
188.931375805 62.168883717 
188.932580254 62.1693094171 
188.933784703 62.1697351172 
188.910694142 62.162340306 
188.911898591 62.1627660061 
188.913103041 62.1631917063 
188.91430749 62.1636174064 
188.915516681 62.1640447824 
188.91672113 62.1644704825 
188.917925579 62.1648961826 
188.919130028 62.1653218828 
188.920339219 62.1657492588 
188.921543668 62.1661749589 
188.922748117 62.166600659 
188.923952566 62.1670263591 
188.925161757 62.1674537352 
188.926366206 62.1678794353 
188.927570655 62.1683051354 
188.928775104 62.1687308355 
188.929984295 62.1691582116 
188.931188744 62.1695839117 
188.932393194 62.1700096118 
188.933597643 62.1704353119 
188.910503494 62.163042716 
188.911707943 62.1634684161 
188.912912392 62.1638941162 
188.914121583 62.1643214923 
188.915326032 62.1647471924 
188.916530482 62.1651728925 
188.917734931 62.1655985926 
188.918944122 62.1660259687 
188.920148571 62.1664516688 
188.92135302 62.1668773689 
188.922557469 62.167303069 
188.923761918 62.1677287691 
188.924971109 62.1681561452 
188.926175558 62.1685818453 
188.927380007 62.1690075454 
188.928584456 62.1694332455 
188.929793647 62.1698606216 
188.930998096 62.1702863217 
188.932202545 62.1707120218 
188.909111985 62.1633172106 
188.910316434 62.1637429107 
188.911520883 62.1641686108 
188.912725332 62.1645943109 
188.913934523 62.165021687 
188.915138972 62.1654473871 
188.916343421 62.1658730872 
188.91754787 62.1662987873 
188.918757061 62.1667261634 
188.91996151 62.1671518635 
188.921165959 62.1675775636 
188.922370408 62.1680032637 
188.923579599 62.1684306398 
188.924784048 62.1688563399 
188.925988497 62.16928204 
188.927192947 62.1697077401 
188.928402138 62.1701351162 
188.929606587 62.1705608163 
188.930811036 62.1709865164 
188.932015485 62.1714122165 
188.908924924 62.1640174054 
188.910129373 62.1644431055 
188.911333822 62.1648688056 
188.912543013 62.1652961816 
188.913747462 62.1657218817 
188.914951911 62.1661475819 
188.91615636 62.166573282 
188.917365551 62.167000658 
188.918570001 62.1674263581 
188.91977445 62.1678520582 
188.920978899 62.1682777584 
188.922183348 62.1687034585 
188.923392539 62.1691308345 
188.924596988 62.1695565346 
188.925801437 62.1699822347 
188.927005886 62.1704079349 
188.928215077 62.1708353109 
188.929419526 62.171261011 
188.930623975 62.1716867111 
188.907529827 62.1642941152 
188.908734276 62.1647198153 
188.909938725 62.1651455154 
188.911143174 62.1655712155 
188.912352365 62.1659985916 
188.913556814 62.1664242917 
188.914761263 62.1668499918 
188.915965712 62.1672756919 
188.917174903 62.167703068 
188.918379352 62.1681287681 
188.919583801 62.1685544682 
188.92078825 62.1689801683 
188.921997441 62.1694075444 
188.923201891 62.1698332445 
188.92440634 62.1702589446 
188.925610789 62.1706846447 
188.92681998 62.1711120208 
188.928024429 62.1715377209 
188.929228878 62.171963421 
188.930433327 62.1723891211 
188.907342766 62.1649943099 
188.908547215 62.16542001 
188.909751664 62.1658457101 
188.910960855 62.1662730862 
188.912165304 62.1666987863 
188.913369754 62.1671244864 
188.914574203 62.1675501865 
188.915783394 62.1679775626 
188.916987843 62.1684032627 
188.918192292 62.1688289628 
188.919396741 62.1692546629 
188.92060119 62.169680363 
188.921810381 62.1701077391 
188.92301483 62.1705334392 
188.924219279 62.1709591393 
188.925423728 62.1713848394 
188.926632919 62.1718122155 
188.927837368 62.1722379156 
188.929041817 62.1726636157 
188.905951257 62.1652688046 
188.907155706 62.1656945047 
188.908360155 62.1661202048 
188.909564604 62.1665459049 
188.910773795 62.166973281 
188.911978244 62.1673989811 
188.913182693 62.1678246812 
188.914387142 62.1682503813 
188.915596333 62.1686777573 
188.916800782 62.1691034575 
188.918005231 62.1695291576 
188.91920968 62.1699548577 
188.920418871 62.1703822337 
188.92162332 62.1708079338 
188.922827769 62.171233634 
188.924032219 62.1716593341 
188.92524141 62.1720867101 
188.926445859 62.1725124102 
188.927650308 62.1729381103 
188.928854757 62.1733638105 
188.905760608 62.1659712145 
188.906965057 62.1663969146 
188.908169507 62.1668226147 
188.909378698 62.1672499908 
188.910583147 62.1676756909 
188.911787596 62.168101391 
188.912992045 62.1685270911 
188.914201236 62.1689544672 
188.915405685 62.1693801673 
188.916610134 62.1698058674 
188.917814583 62.1702315675 
188.919019032 62.1706572676 
188.920228223 62.1710846437 
188.921432672 62.1715103438 
188.922637121 62.1719360439 
188.92384157 62.172361744 
188.925050761 62.1727891201 
188.92625521 62.1732148202 
188.92745966 62.1736405203 
188.930673525 62.1546467226 
188.931877951 62.1550724227 
188.933082377 62.1554981228 
188.934291545 62.1559254988 
188.93549597 62.1563511989 
188.936700396 62.1567768991 
188.937904822 62.1572025992 
188.93911399 62.1576299752 
188.940318416 62.1580556753 
188.941522841 62.1584813754 
188.942727267 62.1589070755 
188.943931693 62.1593327757 
188.945140861 62.1597601517 
188.946345286 62.1601858518 
188.947549712 62.1606115519 
188.948754138 62.161037252 
188.949963306 62.1614646281 
188.951167731 62.1618903282 
188.952372157 62.1623160283 
188.929278455 62.1549234324 
188.930482881 62.1553491325 
188.931687307 62.1557748326 
188.932891733 62.1562005327 
188.9341009 62.1566279088 
188.935305326 62.1570536089 
188.936509752 62.157479309 
188.937714178 62.1579050091 
188.938923345 62.1583323852 
188.940127771 62.1587580853 
188.941332197 62.1591837854 
188.942536623 62.1596094855 
188.94374579 62.1600368616 
188.944950216 62.1604625617 
188.946154642 62.1608882618 
188.947359068 62.1613139619 
188.948568235 62.161741338 
188.949772661 62.1621670381 
188.950977087 62.1625927382 
188.952181513 62.1630184383 
188.929091398 62.1556236271 
188.930295824 62.1560493272 
188.93150025 62.1564750273 
188.932709417 62.1569024034 
188.933913843 62.1573281035 
188.935118269 62.1577538036 
188.936322695 62.1581795037 
188.937531862 62.1586068798 
188.938736288 62.1590325799 
188.939940714 62.15945828 
188.94114514 62.1598839801 
188.942349566 62.1603096802 
188.943558733 62.1607370563 
188.944763159 62.1611627564 
188.945967585 62.1615884565 
188.947172011 62.1620141566 
188.948381178 62.1624415327 
188.949585604 62.1628672328 
188.95079003 62.1632929329 
188.927699915 62.1558981218 
188.928904341 62.1563238219 
188.930108767 62.156749522 
188.931313193 62.1571752221 
188.932522361 62.1576025982 
188.933726786 62.1580282983 
188.934931212 62.1584539984 
188.936135638 62.1588796985 
188.937344806 62.1593070745 
188.938549231 62.1597327747 
188.939753657 62.1601584748 
188.940958083 62.1605841749 
188.942167251 62.1610115509 
188.943371676 62.161437251 
188.944576102 62.1618629511 
188.945780528 62.1622886513 
188.946989696 62.1627160273 
188.948194121 62.1631417274 
188.949398547 62.1635674275 
188.950602973 62.1639931276 
188.927509271 62.1566005317 
188.928713697 62.1570262318 
188.929918123 62.1574519319 
188.93112729 62.157879308 
188.932331716 62.1583050081 
188.933536142 62.1587307082 
188.934740568 62.1591564083 
188.935949735 62.1595837844 
188.937154161 62.1600094845 
188.938358587 62.1604351846 
188.939563013 62.1608608847 
188.940767438 62.1612865848 
188.941976606 62.1617139609 
188.943181032 62.162139661 
188.944385458 62.1625653611 
188.945589883 62.1629910612 
188.946799051 62.1634184373 
188.948003477 62.1638441374 
188.949207903 62.1642698375 
188.926117788 62.1568750263 
188.927322214 62.1573007264 
188.92852664 62.1577264265 
188.929731066 62.1581521266 
188.930940233 62.1585795027 
188.932144659 62.1590052028 
188.933349085 62.1594309029 
188.934553511 62.159856603 
188.935762678 62.1602839791 
188.936967104 62.1607096792 
188.93817153 62.1611353793 
188.939375956 62.1615610794 
188.940585123 62.1619884555 
188.941789549 62.1624141556 
188.942993975 62.1628398557 
188.944198401 62.1632655558 
188.945407568 62.1636929319 
188.946611994 62.164118632 
188.94781642 62.1645443321 
188.949020846 62.1649700322 
188.925930731 62.1575752211 
188.927135157 62.1580009212 
188.928339583 62.1584266213 
188.929548751 62.1588539974 
188.930753176 62.1592796975 
188.931957602 62.1597053976 
188.933162028 62.1601310977 
188.934371196 62.1605584738 
188.935575621 62.1609841739 
188.936780047 62.161409874 
188.937984473 62.1618355741 
188.939188899 62.1622612742 
188.940398066 62.1626886502 
188.941602492 62.1631143504 
188.942806918 62.1635400505 
188.944011344 62.1639657506 
188.945220511 62.1643931266 
188.946424937 62.1648188267 
188.947629363 62.1652445269 
188.924535661 62.1578519309 
188.925740087 62.158277631 
188.926944513 62.1587033311 
188.928148938 62.1591290312 
188.929358106 62.1595564073 
188.930562532 62.1599821074 
188.931766958 62.1604078075 
188.932971383 62.1608335076 
188.934180551 62.1612608837 
188.935384977 62.1616865838 
188.936589403 62.1621122839 
188.937793828 62.162537984 
188.939002996 62.1629653601 
188.940207422 62.1633910602 
188.941411848 62.1638167603 
188.942616273 62.1642424604 
188.943825441 62.1646698365 
188.945029867 62.1650955366 
188.946234293 62.1655212367 
188.947438719 62.1659469368 
188.924348604 62.1585521256 
188.92555303 62.1589778257 
188.926757456 62.1594035258 
188.927966623 62.1598309019 
188.929171049 62.160256602 
188.930375475 62.1606823021 
188.931579901 62.1611080022 
188.932789068 62.1615353783 
188.933993494 62.1619610784 
188.93519792 62.1623867785 
188.936402346 62.1628124786 
188.937606772 62.1632381787 
188.938815939 62.1636655548 
188.940020365 62.1640912549 
188.941224791 62.164516955 
188.942429217 62.1649426551 
188.943638384 62.1653700312 
188.94484281 62.1657957313 
188.946047236 62.1662214314 
188.922957121 62.1588266203 
188.924161547 62.1592523204 
188.925365973 62.1596780205 
188.926570399 62.1601037206 
188.927779566 62.1605310967 
188.928983992 62.1609567968 
188.930188418 62.1613824969 
188.931392844 62.161808197 
188.932602011 62.1622355731 
188.933806437 62.1626612732 
188.935010863 62.1630869733 
188.936215289 62.1635126734 
188.937424456 62.1639400495 
188.938628882 62.1643657496 
188.939833308 62.1647914497 
188.941037734 62.1652171498 
188.942246901 62.1656445258 
188.943451327 62.166070226 
188.944655753 62.1664959261 
188.945860179 62.1669216262 
188.922766477 62.1595290302 
188.923970903 62.1599547303 
188.925175328 62.1603804304 
188.926384496 62.1608078065 
188.927588922 62.1612335066 
188.928793348 62.1616592067 
188.929997773 62.1620849068 
188.931206941 62.1625122829 
188.932411367 62.162937983 
188.933615793 62.1633636831 
188.934820218 62.1637893832 
188.936024644 62.1642150833 
188.937233812 62.1646424594 
188.938438238 62.1650681595 
188.939642664 62.1654938596 
188.940847089 62.1659195597 
188.942056257 62.1663469358 
188.943260683 62.1667726359 
188.944465109 62.167198336 
188.921374994 62.1598035248 
188.92257942 62.1602292249 
188.923783846 62.160654925 
188.924988271 62.1610806251 
188.926197439 62.1615080012 
188.927401865 62.1619337013 
188.928606291 62.1623594014 
188.929810717 62.1627851015 
188.931019884 62.1632124776 
188.93222431 62.1636381777 
188.920647933 62.1556769719 
188.9218524 62.156102672 
188.923056867 62.1565283721 
188.924266075 62.1569557482 
188.925470542 62.1573814483 
188.926675009 62.1578071484 
188.927879476 62.1582328485 
188.929088685 62.1586602246 
188.930293151 62.1590859247 
188.931497618 62.1595116248 
188.932702085 62.1599373249 
188.933906552 62.160363025 
188.935115761 62.1607904011 
188.936320227 62.1612161012 
188.937524694 62.1616418013 
188.938729161 62.1620675014 
188.93993837 62.1624948775 
188.941142837 62.1629205776 
188.942347303 62.1633462777 
188.919252815 62.1559536817 
188.920457282 62.1563793818 
188.921661749 62.1568050819 
188.922866216 62.157230782 
188.924075424 62.1576581581 
188.925279891 62.1580838582 
188.926484358 62.1585095583 
188.927688825 62.1589352584 
188.928898034 62.1593626345 
188.9301025 62.1597883346 
188.931306967 62.1602140347 
188.932511434 62.1606397348 
188.933720643 62.1610671109 
188.93492511 62.161492811 
188.936129576 62.1619185111 
188.937334043 62.1623442112 
188.938543252 62.1627715873 
188.939747719 62.1631972874 
188.940952186 62.1636229875 
188.942156652 62.1640486876 
188.919065752 62.1566538764 
188.920270219 62.1570795765 
188.921474686 62.1575052766 
188.922683894 62.1579326527 
188.923888361 62.1583583528 
188.925092828 62.1587840529 
188.926297295 62.159209753 
188.927506504 62.1596371291 
188.92871097 62.1600628292 
188.929915437 62.1604885293 
188.931119904 62.1609142294 
188.932324371 62.1613399295 
188.933533579 62.1617673056 
188.934738046 62.1621930057 
188.935942513 62.1626187058 
188.93714698 62.1630444059 
188.938356189 62.163471782 
188.939560655 62.1638974821 
188.940765122 62.1643231822 
188.917674222 62.1569283711 
188.918878689 62.1573540712 
188.920083156 62.1577797713 
188.921287622 62.1582054714 
188.922496831 62.1586328475 
188.923701298 62.1590585476 
188.924905765 62.1594842477 
188.926110231 62.1599099478 
188.92731944 62.1603373239 
188.928523907 62.160763024 
188.929728374 62.1611887241 
188.930932841 62.1616144242 
188.932142049 62.1620418003 
188.933346516 62.1624675004 
188.934550983 62.1628932005 
188.93575545 62.1633189006 
188.936964659 62.1637462767 
188.938169125 62.1641719768 
188.939373592 62.1645976769 
188.940578059 62.165023377 
188.917483571 62.157630781 
188.918688038 62.1580564811 
188.919892504 62.1584821812 
188.921101713 62.1589095573 
188.92230618 62.1593352574 
188.923510647 62.1597609575 
188.924715114 62.1601866576 
188.925924322 62.1606140337 
188.927128789 62.1610397338 
188.928333256 62.1614654339 
188.929537723 62.161891134 
188.93074219 62.1623168341 
188.931951398 62.1627442102 
188.933155865 62.1631699103 
188.934360332 62.1635956104 
188.935564799 62.1640213105 
188.936774008 62.1644486866 
188.937978474 62.1648743867 
188.939182941 62.1653000868 
188.916092041 62.1579052756 
188.917296508 62.1583309757 
188.918500974 62.1587566759 
188.919705441 62.159182376 
188.92091465 62.159609752 
188.922119117 62.1600354521 
188.923323584 62.1604611522 
188.92452805 62.1608868524 
188.925737259 62.1613142284 
188.926941726 62.1617399285 
188.928146193 62.1621656286 
188.92935066 62.1625913287 
188.930559868 62.1630187048 
188.931764335 62.1634444049 
188.932968802 62.163870105 
188.934173269 62.1642958051 
188.935382477 62.1647231812 
188.936586944 62.1651488813 
188.937791411 62.1655745814 
188.938995878 62.1660002815 
188.915904978 62.1586054704 
188.917109444 62.1590311705 
188.918313911 62.1594568706 
188.91952312 62.1598842467 
188.920727587 62.1603099468 
188.921932053 62.1607356469 
188.92313652 62.161161347 
188.924345729 62.1615887231 
188.925550196 62.1620144232 
188.926754663 62.1624401233 
188.927959129 62.1628658234 
188.929163596 62.1632915235 
188.930372805 62.1637188996 
188.931577272 62.1641445997 
188.932781739 62.1645702998 
188.933986205 62.1649959999 
188.935195414 62.165423376 
188.936399881 62.1658490761 
188.937604348 62.1662747762 
188.91450986 62.1588821802 
188.915714327 62.1593078803 
188.916918793 62.1597335804 
188.91812326 62.1601592805 
188.919332469 62.1605866566 
188.920536936 62.1610123567 
188.921741402 62.1614380568 
188.922945869 62.1618637569 
188.924155078 62.162291133 
188.925359545 62.1627168331 
188.926564012 62.1631425332 
188.927768478 62.1635682333 
188.928977687 62.1639956094 
188.930182154 62.1644213095 
188.931386621 62.1648470096 
188.932591088 62.1652727097 
188.933800296 62.1657000858 
188.935004763 62.1661257859 
188.93620923 62.166551486 
188.937413697 62.1669771861 
188.914322796 62.159582375 
188.915527263 62.1600080751 
188.91673173 62.1604337752 
188.917940939 62.1608611512 
188.919145406 62.1612868513 
188.920349872 62.1617125515 
188.921554339 62.1621382516 
188.922763548 62.1625656276 
188.923968015 62.1629913277 
188.925172482 62.1634170278 
188.926376948 62.1638427279 
188.927581415 62.1642684281 
188.928790624 62.1646958041 
188.929995091 62.1651215042 
188.931199558 62.1655472043 
188.932404024 62.1659729044 
188.933613233 62.1664002805 
188.9348177 62.1668259806 
188.936022167 62.1672516807 
188.912931266 62.1598568696 
188.914135733 62.1602825697 
188.9153402 62.1607082698 
188.916544667 62.1611339699 
188.917753876 62.161561346 
188.918958342 62.1619870461 
188.920162809 62.1624127462 
188.921367276 62.1628384463 
188.922576485 62.1632658224 
188.923780951 62.1636915225 
188.924985418 62.1641172226 
188.926189885 62.1645429227 
188.927399094 62.1649702988 
188.928603561 62.1653959989 
188.929808027 62.165821699 
188.931012494 62.1662473991 
188.932221703 62.1666747752 
188.93342617 62.1671004753 
188.934630637 62.1675261754 
188.935835103 62.1679518755 
188.912740615 62.1605592795 
188.913945082 62.1609849796 
188.915149549 62.1614106797 
188.916358758 62.1618380558 
188.917563225 62.1622637559 
188.918767691 62.162689456 
188.919972158 62.1631151561 
188.921181367 62.1635425322 
188.922385834 62.1639682323 
188.9235903 62.1643939324 
188.924794767 62.1648196325 
188.925999234 62.1652453326 
188.927208443 62.1656727087 
188.92841291 62.1660984088 
188.929617376 62.1665241089 
188.930821843 62.166949809 
188.932031052 62.1673771851 
188.933235519 62.1678028852 
188.934439986 62.1682285853 
188.911349085 62.1608337742 
188.912553552 62.1612594743 
188.913758019 62.1616851744 
188.914962486 62.1621108745 
188.916171694 62.1625382506 
188.917376161 62.1629639507 
188.918580628 62.1633896508 
188.919785095 62.1638153509 
188.920994304 62.1642427269 
188.92219877 62.1646684271 
188.928166433 62.1547306741 
188.929370862 62.1551563742 
188.930575291 62.1555820743 
188.931784462 62.1560094503 
188.932988892 62.1564351504 
188.934193321 62.1568608506 
188.93539775 62.1572865507 
188.936606921 62.1577139267 
188.93781135 62.1581396268 
188.939015779 62.1585653269 
188.940220208 62.1589910271 
188.941424637 62.1594167272 
188.942633808 62.1598441032 
188.943838237 62.1602698033 
188.945042667 62.1606955034 
188.946247096 62.1611212035 
188.947456267 62.1615485796 
188.948660696 62.1619742797 
188.949865125 62.1623999798 
188.926771359 62.1550073839 
188.927975788 62.155433084 
188.929180217 62.1558587841 
188.930384646 62.1562844842 
188.931593817 62.1567118603 
188.932798246 62.1571375604 
188.934002676 62.1575632605 
188.935207105 62.1579889606 
188.936416276 62.1584163367 
188.937620705 62.1588420368 
188.938825134 62.1592677369 
188.940029563 62.159693437 
188.941238734 62.1601208131 
188.942443163 62.1605465132 
188.943647592 62.1609722133 
188.944852022 62.1613979134 
188.946061193 62.1618252895 
188.947265622 62.1622509896 
188.948470051 62.1626766897 
188.94967448 62.1631023898 
188.926584301 62.1557075786 
188.927788731 62.1561332787 
188.92899316 62.1565589788 
188.930202331 62.1569863549 
188.93140676 62.157412055 
188.932611189 62.1578377551 
188.933815618 62.1582634552 
188.935024789 62.1586908313 
188.936229218 62.1591165314 
188.937433647 62.1595422315 
188.938638077 62.1599679316 
188.939842506 62.1603936317 
188.941051677 62.1608210078 
188.942256106 62.1612467079 
188.943460535 62.161672408 
188.944664964 62.1620981081 
188.945874135 62.1625254842 
188.947078564 62.1629511843 
188.948282993 62.1633768844 
188.925192815 62.1559820733 
188.926397244 62.1564077734 
188.927601673 62.1568334735 
188.928806102 62.1572591736 
188.930015273 62.1576865497 
188.931219702 62.1581122498 
188.932424132 62.1585379499 
188.933628561 62.15896365 
188.934837732 62.159391026 
188.936042161 62.1598167262 
188.93724659 62.1602424263 
188.938451019 62.1606681264 
188.93966019 62.1610955024 
188.940864619 62.1615212025 
188.942069048 62.1619469026 
188.943273478 62.1623726028 
188.944482649 62.1627999788 
188.945687078 62.1632256789 
188.946891507 62.163651379 
188.948095936 62.1640770791 
188.92500217 62.1566844832 
188.926206599 62.1571101833 
188.927411028 62.1575358834 
188.928620199 62.1579632595 
188.929824628 62.1583889596 
188.931029057 62.1588146597 
188.932233487 62.1592403598 
188.933442658 62.1596677359 
188.934647087 62.160093436 
188.935851516 62.1605191361 
188.937055945 62.1609448362 
188.938260374 62.1613705363 
188.939469545 62.1617979124 
188.940673974 62.1622236125 
188.941878403 62.1626493126 
188.943082832 62.1630750127 
188.944292003 62.1635023888 
188.945496433 62.1639280889 
188.946700862 62.164353789 
188.923610683 62.1569589778 
188.924815112 62.1573846779 
188.926019542 62.157810378 
188.927223971 62.1582360781 
188.928433142 62.1586634542 
188.929637571 62.1590891543 
188.930842 62.1595148544 
188.932046429 62.1599405545 
188.9332556 62.1603679306 
188.934460029 62.1607936307 
188.935664458 62.1612193308 
188.936868888 62.1616450309 
188.938078058 62.162072407 
188.939282488 62.1624981071 
188.940486917 62.1629238072 
188.941691346 62.1633495073 
188.942900517 62.1637768834 
188.944104946 62.1642025835 
188.945309375 62.1646282836 
188.946513804 62.1650539837 
188.923423626 62.1576591726 
188.924628055 62.1580848727 
188.925832484 62.1585105728 
188.927041655 62.1589379489 
188.928246084 62.159363649 
188.929450513 62.1597893491 
188.930654943 62.1602150492 
188.931864113 62.1606424253 
188.933068543 62.1610681254 
188.934272972 62.1614938255 
188.935477401 62.1619195256 
188.93668183 62.1623452257 
188.937891001 62.1627726018 
188.93909543 62.1631983019 
188.940299859 62.163624002 
188.941504288 62.1640497021 
188.942713459 62.1644770781 
188.943917889 62.1649027782 
188.945122318 62.1653284784 
188.922028552 62.1579358824 
188.923232981 62.1583615825 
188.92443741 62.1587872826 
188.925641839 62.1592129827 
188.92685101 62.1596403588 
188.928055439 62.1600660589 
188.929259868 62.160491759 
188.930464297 62.1609174591 
188.931673468 62.1613448352 
188.932877898 62.1617705353 
188.934082327 62.1621962354 
188.935286756 62.1626219355 
188.936495927 62.1630493116 
188.937700356 62.1634750117 
188.938904785 62.1639007118 
188.940109214 62.1643264119 
188.941318385 62.164753788 
188.942522814 62.1651794881 
188.943727244 62.1656051882 
188.944931673 62.1660308883 
188.921841494 62.1586360771 
188.923045923 62.1590617772 
188.924250352 62.1594874773 
188.925459523 62.1599148534 
188.926663953 62.1603405535 
188.927868382 62.1607662536 
188.929072811 62.1611919537 
188.930281982 62.1616193298 
188.931486411 62.1620450299 
188.93269084 62.16247073 
188.933895269 62.1628964301 
188.935099698 62.1633221302 
188.936308869 62.1637495063 
188.937513299 62.1641752064 
188.938717728 62.1646009065 
188.939922157 62.1650266066 
188.941131328 62.1654539827 
188.942335757 62.1658796828 
188.943540186 62.1663053829 
188.920450008 62.1589105718 
188.921654437 62.1593362719 
188.922858866 62.159761972 
188.924063295 62.1601876721 
188.925272466 62.1606150482 
188.926476895 62.1610407483 
188.927681324 62.1614664484 
188.928885753 62.1618921485 
188.930094924 62.1623195246 
188.931299354 62.1627452247 
188.932503783 62.1631709248 
188.933708212 62.1635966249 
188.934917383 62.164024001 
188.936121812 62.1644497011 
188.937326241 62.1648754012 
188.93853067 62.1653011013 
188.939739841 62.1657284773 
188.94094427 62.1661541775 
188.9421487 62.1665798776 
188.943353129 62.1670055777 
188.920259363 62.1596129817 
188.921463792 62.1600386818 
188.922668221 62.1604643819 
188.923877392 62.160891758 
188.925081821 62.1613174581 
188.92628625 62.1617431582 
188.927490679 62.1621688583 
188.92869985 62.1625962344 
188.929904279 62.1630219345 
188.931108709 62.1634476346 
188.932313138 62.1638733347 
188.933517567 62.1642990348 
188.934726738 62.1647264109 
188.935931167 62.165152111 
188.937135596 62.1655778111 
188.938340025 62.1660035112 
188.939549196 62.1664308873 
188.940753625 62.1668565874 
188.941958054 62.1672822875 
188.918867876 62.1598874763 
188.920072305 62.1603131764 
188.921276734 62.1607388765 
188.922481163 62.1611645766 
188.923690334 62.1615919527 
188.924894764 62.1620176528 
188.926099193 62.1624433529 
188.927303622 62.162869053 
188.928512793 62.1632964291 
188.929717222 62.1637221292 
188.925659452 62.1548424032 
188.926863885 62.1552681033 
188.928068319 62.1556938034 
188.929277494 62.1561211794 
188.930481928 62.1565468796 
188.931686362 62.1569725797 
188.932890795 62.1573982798 
188.934099971 62.1578256558 
188.935304404 62.1582513559 
188.936508838 62.1586770561 
188.937713271 62.1591027562 
188.938917705 62.1595284563 
188.94012688 62.1599558323 
188.941331314 62.1603815324 
188.942535748 62.1608072325 
188.943740181 62.1612329327 
188.944949357 62.1616603087 
188.94615379 62.1620860088 
188.947358224 62.1625117089 
188.924264372 62.155119113 
188.925468806 62.1555448131 
188.92667324 62.1559705132 
188.927877673 62.1563962133 
188.929086849 62.1568235894 
188.930291282 62.1572492895 
188.931495716 62.1576749896 
188.932700149 62.1581006897 
188.933909325 62.1585280658 
188.935113758 62.1589537659 
188.936318192 62.159379466 
188.937522626 62.1598051661 
188.938731801 62.1602325422 
188.939936235 62.1606582423 
188.941140668 62.1610839424 
188.942345102 62.1615096425 
188.943554277 62.1619370186 
188.944758711 62.1623627187 
188.945963144 62.1627884188 
188.947167578 62.1632141189 
188.924077314 62.1558193077 
188.925281748 62.1562450078 
188.926486181 62.1566707079 
188.927695357 62.157098084 
188.928899791 62.1575237841 
188.930104224 62.1579494842 
188.931308658 62.1583751843 
188.932517833 62.1588025604 
188.933722267 62.1592282605 
188.9349267 62.1596539606 
188.936131134 62.1600796607 
188.937335567 62.1605053608 
188.938544743 62.1609327369 
188.939749177 62.161358437 
188.94095361 62.1617841371 
188.942158044 62.1622098372 
188.943367219 62.1626372133 
188.944571653 62.1630629134 
188.945776086 62.1634886135 
188.922685823 62.1560938024 
188.923890256 62.1565195025 
188.92509469 62.1569452026 
188.926299123 62.1573709027 
188.927508299 62.1577982788 
188.928712732 62.1582239789 
188.929917166 62.158649679 
188.9311216 62.1590753791 
188.932330775 62.1595027552 
188.933535209 62.1599284553 
188.934739642 62.1603541554 
188.935944076 62.1607798555 
188.937153251 62.1612072315 
188.938357685 62.1616329316 
188.939562118 62.1620586318 
188.940766552 62.1624843319 
188.941975727 62.1629117079 
188.943180161 62.163337408 
188.944384595 62.1637631081 
188.945589028 62.1641888083 
188.922495177 62.1567962123 
188.92369961 62.1572219124 
188.924904044 62.1576476125 
188.926113219 62.1580749886 
188.927317653 62.1585006887 
188.928522087 62.1589263888 
188.92972652 62.1593520889 
188.930935696 62.159779465 
188.932140129 62.1602051651 
188.933344563 62.1606308652 
188.934548996 62.1610565653 
188.93575343 62.1614822654 
188.936962605 62.1619096415 
188.938167039 62.1623353416 
188.939371473 62.1627610417 
188.940575906 62.1631867418 
188.941785082 62.1636141179 
188.942989515 62.164039818 
188.944193949 62.1644655181 
188.921103685 62.1570707069 
188.922308119 62.157496407 
188.923512552 62.1579221071 
188.924716986 62.1583478072 
188.925926161 62.1587751833 
188.927130595 62.1592008834 
188.928335029 62.1596265835 
188.929539462 62.1600522836 
188.930748638 62.1604796597 
188.931953071 62.1609053598 
188.933157505 62.1613310599 
188.934361938 62.16175676 
188.935571114 62.1621841361 
188.936775547 62.1626098362 
188.937979981 62.1630355363 
188.939184415 62.1634612364 
188.94039359 62.1638886125 
188.941598024 62.1643143126 
188.942802457 62.1647400127 
188.944006891 62.1651657128 
188.920916627 62.1577709017 
188.922121061 62.1581966018 
188.923325494 62.1586223019 
188.92453467 62.159049678 
188.925739103 62.1594753781 
188.926943537 62.1599010782 
188.92814797 62.1603267783 
188.929357146 62.1607541544 
188.930561579 62.1611798545 
188.931766013 62.1616055546 
188.932970447 62.1620312547 
188.93417488 62.1624569548 
188.935384056 62.1628843309 
188.936588489 62.163310031 
188.937792923 62.1637357311 
188.938997356 62.1641614312 
188.940206532 62.1645888072 
188.941410965 62.1650145074 
188.942615399 62.1654402075 
188.919521548 62.1580476115 
188.920725981 62.1584733116 
188.921930415 62.1588990117 
188.923134848 62.1593247118 
188.924344024 62.1597520879 
188.925548457 62.160177788 
188.926752891 62.1606034881 
188.927957325 62.1610291882 
188.9291665 62.1614565643 
188.930370934 62.1618822644 
188.931575367 62.1623079645 
188.932779801 62.1627336646 
188.933988976 62.1631610407 
188.93519341 62.1635867408 
188.936397843 62.1640124409 
188.937602277 62.164438141 
188.938811452 62.1648655171 
188.940015886 62.1652912172 
188.94122032 62.1657169173 
188.942424753 62.1661426174 
188.91933449 62.1587478062 
188.920538923 62.1591735063 
188.921743357 62.1595992064 
188.922952532 62.1600265825 
188.924156966 62.1604522826 
188.925361399 62.1608779827 
188.926565833 62.1613036828 
188.927775008 62.1617310589 
188.928979442 62.162156759 
188.930183876 62.1625824591 
188.931388309 62.1630081592 
188.932592743 62.1634338593 
188.933801918 62.1638612354 
188.935006352 62.1642869355 
188.936210785 62.1647126356 
188.937415219 62.1651383357 
188.938624394 62.1655657118 
188.939828828 62.1659914119 
188.941033262 62.166417112 
188.917942998 62.1590223009 
188.919147431 62.159448001 
188.920351865 62.1598737011 
188.921556299 62.1602994012 
188.922765474 62.1607267773 
188.923969908 62.1611524774 
188.925174341 62.1615781775 
188.926378775 62.1620038776 
188.92758795 62.1624312537 
188.928792384 62.1628569538 
188.929996817 62.1632826539 
188.931201251 62.163708354 
188.932410426 62.1641357301 
188.93361486 62.1645614302 
188.934819294 62.1649871303 
188.936023727 62.1654128304 
188.937232903 62.1658402065 
188.938437336 62.1662659066 
188.93964177 62.1666916067 
188.940846203 62.1671173068 
188.917752352 62.1597247108 
188.918956786 62.1601504109 
188.920161219 62.160576111 
188.921370395 62.1610034871 
188.922574828 62.1614291872 
188.923779262 62.1618548873 
188.924983695 62.1622805874 
188.926192871 62.1627079635 
188.927397304 62.1631336636 
188.928601738 62.1635593637 
188.929806172 62.1639850638 
188.931010605 62.1644107639 
188.932219781 62.16483814 
188.933424214 62.1652638401 
188.934628648 62.1656895402 
188.935833081 62.1661152403 
188.937042257 62.1665426164 
188.93824669 62.1669683165 
188.939451124 62.1673940166 
188.91636086 62.1599992054 
188.917565294 62.1604249055 
188.918769728 62.1608506056 
188.919974161 62.1612763057 
188.921183337 62.1617036818 
188.92238777 62.1621293819 
188.923592204 62.162555082 
188.924796637 62.1629807821 
188.926005813 62.1634081582 
188.927210246 62.1638338583 
188.92841468 62.1642595584 
188.929619114 62.1646852585 
188.930828289 62.1651126346 
188.932032723 62.1655383347 
188.933237156 62.1659640348 
188.93444159 62.1663897349 
188.935650765 62.166817111 
188.936855199 62.1672428111 
188.938059632 62.1676685112 
188.939264066 62.1680942113 
188.916173802 62.1606994002 
188.917378236 62.1611251003 
188.918582669 62.1615508004 
188.919791845 62.1619781765 
188.920996278 62.1624038766 
188.922200712 62.1628295767 
188.923405146 62.1632552768 
188.924614321 62.1636826529 
188.925818755 62.164108353 
188.927023188 62.1645340531 
188.928227622 62.1649597532 
188.929432055 62.1653854533 
188.930641231 62.1658128294 
188.931845664 62.1662385295 
188.933050098 62.1666642296 
188.934254532 62.1670899297 
188.935463707 62.1675173058 
188.936668141 62.1679430059 
188.937872574 62.168368706 
188.914778723 62.16097611 
188.915983156 62.1614018101 
188.91718759 62.1618275102 
188.918392024 62.1622532103 
188.919601199 62.1626805864 
188.920805633 62.1631062865 
188.922010066 62.1635319866 
188.9232145 62.1639576867 
188.924423675 62.1643850628 
188.925628109 62.1648107629 
188.926832542 62.165236463 
188.928036976 62.1656621631 
188.929246151 62.1660895392 
188.930450585 62.1665152393 
188.931655019 62.1669409394 
188.932859452 62.1673666395 
188.934068628 62.1677940156 
188.935273061 62.1682197157 
188.936477495 62.1686454158 
188.937681928 62.1690711159 
188.914591665 62.1616763047 
188.915796098 62.1621020048 
188.917000532 62.162527705 
188.918209707 62.162955081 
188.919414141 62.1633807811 
188.920618575 62.1638064812 
188.921823008 62.1642321813 
188.923032184 62.1646595574 
188.924236617 62.1650852575 
188.925441051 62.1655109576 
188.926645484 62.1659366577 
188.927849918 62.1663623578 
188.929059093 62.1667897339 
188.930263527 62.167215434 
188.931467961 62.1676411341 
188.932672394 62.1680668342 
188.93388157 62.1684942103 
188.935086003 62.1689199104 
188.936290437 62.1693456105 
188.913200173 62.1619507994 
188.914404607 62.1623764995 
188.91560904 62.1628021996 
188.916813474 62.1632278997 
188.918022649 62.1636552758 
188.919227083 62.1640809759 
188.920431516 62.164506676 
188.92163595 62.1649323761 
188.922845125 62.1653597522 
188.924049559 62.1657854523 
188.925253993 62.1662111524 
188.926458426 62.1666368525 
188.927667602 62.1670642286 
188.928872035 62.1674899287 
188.930076469 62.1679156288 
188.931280902 62.1683413289 
188.932490078 62.168768705 
188.933694511 62.1691944051 
188.934898945 62.1696201052 
188.936103379 62.1700458053 
188.913009527 62.1626532093 
188.914213961 62.1630789094 
188.915418394 62.1635046095 
188.91662757 62.1639319856 
188.917832003 62.1643576857 
188.919036437 62.1647833858 
188.920240871 62.1652090859 
188.921450046 62.165636462 
188.92265448 62.1660621621 
188.923858913 62.1664878622 
188.925063347 62.1669135623 
188.92626778 62.1673392624 
188.927476956 62.1677666385 
188.928681389 62.1681923386 
188.929885823 62.1686180387 
188.931090257 62.1690437388 
188.932299432 62.1694711149 
188.933503866 62.169896815 
188.934708299 62.1703225151 
188.911618036 62.1629277039 
188.912822469 62.1633534041 
188.914026903 62.1637791042 
188.915231336 62.1642048043 
188.916440512 62.1646321803 
188.917644945 62.1650578804 
188.918849379 62.1654835805 
188.920053812 62.1659092807 
188.921262988 62.1663366567 
188.922467422 62.1667623568 
188.923671855 62.1671880569 
188.924876289 62.167613757 
188.926085464 62.1680411331 
188.927289898 62.1684668332 
188.928494331 62.1688925333 
188.929698765 62.1693182334 
188.93090794 62.1697456095 
188.932112374 62.1701713096 
188.933316808 62.1705970097 
188.934521241 62.1710227098 
188.911430977 62.1636278987 
188.912635411 62.1640535988 
188.913839845 62.1644792989 
188.91504902 62.164906675 
188.916253454 62.1653323751 
188.917457887 62.1657580752 
188.918662321 62.1661837753 
188.919871496 62.1666111514 
188.92107593 62.1670368515 
188.922280363 62.1674625516 
188.923484797 62.1678882517 
188.924689231 62.1683139518 
188.925898406 62.1687413279 
188.92710284 62.169167028 
188.928307273 62.1695927281 
188.929511707 62.1700184282 
188.930720882 62.1704458043 
188.931925316 62.1708715044 
188.933129749 62.1712972045 
188.910035898 62.1639046085 
188.911240332 62.1643303086 
188.912444765 62.1647560087 
188.913649199 62.1651817088 
188.914858374 62.1656090849 
188.916062808 62.166034785 
188.917267241 62.1664604851 
188.918471675 62.1668861852 
188.91968085 62.1673135613 
188.920885284 62.1677392614 
188.922089718 62.1681649615 
188.923294151 62.1685906616 
188.924503327 62.1690180377 
188.92570776 62.1694437378 
188.926912194 62.1698694379 
188.928116627 62.170295138 
188.929325803 62.1707225141 
188.930530236 62.1711482142 
188.93173467 62.1715739143 
188.932939104 62.1719996144 
188.90984884 62.1646048033 
188.911053274 62.1650305034 
188.912257707 62.1654562035 
188.913466883 62.1658835795 
188.914671316 62.1663092797 
188.91587575 62.1667349798 
188.917080183 62.1671606799 
188.918289359 62.1675880559 
188.919493792 62.168013756 
188.920698226 62.1684394561 
188.92190266 62.1688651563 
188.923107093 62.1692908564 
188.924316269 62.1697182324 
188.925520702 62.1701439325 
188.926725136 62.1705696326 
188.927929569 62.1709953328 
188.929138745 62.1714227088 
188.930343178 62.1718484089 
188.931547612 62.172274109 
188.908457348 62.1648792979 
188.909661782 62.165304998 
188.910866215 62.1657306981 
188.912070649 62.1661563982 
188.913279824 62.1665837743 
188.914484258 62.1670094744 
188.915688692 62.1674351745 
188.916893125 62.1678608746 
188.918102301 62.1682882507 
188.919306734 62.1687139508 
188.920511168 62.1691396509 
188.921715601 62.169565351 
188.922924777 62.1699927271 
188.92412921 62.1704184272 
188.925333644 62.1708441273 
188.926538078 62.1712698274 
188.927747253 62.1716972035 
188.928951687 62.1721229036 
188.93015612 62.1725486037 
188.931360554 62.1729743038 
188.908266702 62.1655817078 
188.909471136 62.1660074079 
188.91067557 62.166433108 
188.911884745 62.1668604841 
188.913089179 62.1672861842 
188.914293612 62.1677118843 
188.915498046 62.1681375844 
188.916707221 62.1685649605 
188.917911655 62.1689906606 
188.919116088 62.1694163607 
188.920320522 62.1698420608 
188.921524956 62.1702677609 
188.922734131 62.170695137 
188.923938565 62.1711208371 
188.925142998 62.1715465372 
188.926347432 62.1719722373 
188.927556607 62.1723996134 
188.928761041 62.1728253135 
188.929965474 62.1732510136 
188.923153581 62.1552319098 
188.924358031 62.1556576099 
188.92556248 62.15608331 
188.926771671 62.1565106861 
188.92797612 62.1569363862 
188.929180569 62.1573620863 
188.930385018 62.1577877864 
188.931594209 62.1582151625 
188.932798658 62.1586408626 
188.934003107 62.1590665627 
188.935207556 62.1594922628 
188.936412005 62.1599179629 
188.937621196 62.160345339 
188.938825645 62.1607710391 
188.940030094 62.1611967392 
188.941234543 62.1616224393 
188.942443734 62.1620498154 
188.943648184 62.1624755155 
188.944852633 62.1629012156 
188.921758484 62.1555086197 
188.922962933 62.1559343198 
188.924167382 62.1563600199 
188.925371831 62.15678572 
188.926581022 62.1572130961 
188.927785472 62.1576387962 
188.928989921 62.1580644963 
188.93019437 62.1584901964 
188.931403561 62.1589175725 
188.93260801 62.1593432726 
188.933812459 62.1597689727 
188.935016908 62.1601946728 
188.936226099 62.1606220488 
188.937430548 62.161047749 
188.938634997 62.1614734491 
188.939839446 62.1618991492 
188.941048637 62.1623265252 
188.942253086 62.1627522253 
188.943457535 62.1631779255 
188.944661984 62.1636036256 
188.921571424 62.1562088144 
188.922775873 62.1566345145 
188.923980322 62.1570602146 
188.925189513 62.1574875907 
188.926393962 62.1579132908 
188.927598411 62.1583389909 
188.92880286 62.158764691 
188.930012051 62.1591920671 
188.9312165 62.1596177672 
188.932420949 62.1600434673 
188.933625398 62.1604691674 
188.934829847 62.1608948675 
188.936039038 62.1613222436 
188.937243487 62.1617479437 
188.938447937 62.1621736438 
188.939652386 62.1625993439 
188.940861577 62.16302672 
188.942066026 62.1634524201 
188.943270475 62.1638781202 
188.920179914 62.156483309 
188.921384363 62.1569090091 
188.922588812 62.1573347092 
188.923793261 62.1577604093 
188.925002452 62.1581877854 
188.926206901 62.1586134855 
188.92741135 62.1590391856 
188.9286158 62.1594648857 
188.929824991 62.1598922618 
188.93102944 62.1603179619 
188.932233889 62.160743662 
188.933438338 62.1611693621 
188.934647529 62.1615967382 
188.935851978 62.1620224383 
188.937056427 62.1624481384 
188.938260876 62.1628738385 
188.939470067 62.1633012146 
188.940674516 62.1637269147 
188.941878965 62.1641526148 
188.943083414 62.1645783149 
188.919989266 62.157185719 
188.921193715 62.1576114191 
188.922398164 62.1580371192 
188.923607355 62.1584644953 
188.924811804 62.1588901954 
188.926016253 62.1593158955 
188.927220702 62.1597415956 
188.928429893 62.1601689717 
188.929634342 62.1605946718 
188.930838791 62.1610203719 
188.93204324 62.161446072 
188.93324769 62.1618717721 
188.934456881 62.1622991482 
188.93566133 62.1627248483 
188.936865779 62.1631505484 
188.938070228 62.1635762485 
188.939279419 62.1640036246 
188.940483868 62.1644293247 
188.941688317 62.1648550248 
188.918597756 62.1574602136 
188.919802205 62.1578859137 
188.921006654 62.1583116138 
188.922211103 62.1587373139 
188.923420294 62.15916469 
188.924624744 62.1595903901 
188.925829193 62.1600160902 
188.927033642 62.1604417903 
188.928242833 62.1608691664 
188.929447282 62.1612948665 
188.930651731 62.1617205666 
188.93185618 62.1621462667 
188.933065371 62.1625736428 
188.93426982 62.1629993429 
188.935474269 62.163425043 
188.936678718 62.1638507431 
188.937887909 62.1642781192 
188.939092358 62.1647038193 
188.940296807 62.1651295194 
188.941501256 62.1655552195 
188.918410696 62.1581604083 
188.919615145 62.1585861084 
188.920819594 62.1590118085 
188.922028785 62.1594391846 
188.923233234 62.1598648847 
188.924437683 62.1602905848 
188.925642132 62.1607162849 
188.926851323 62.161143661 
188.928055772 62.1615693611 
188.929260221 62.1619950612 
188.93046467 62.1624207613 
188.931669119 62.1628464614 
188.93287831 62.1632738375 
188.934082759 62.1636995376 
188.935287209 62.1641252377 
188.936491658 62.1645509378 
188.937700849 62.1649783139 
188.938905298 62.165404014 
188.940109747 62.1658297141 
188.917015598 62.1584371182 
188.918220047 62.1588628183 
188.919424497 62.1592885184 
188.920628946 62.1597142185 
188.921838137 62.1601415946 
188.923042586 62.1605672947 
188.924247035 62.1609929948 
188.925451484 62.1614186949 
188.926660675 62.161846071 
188.927865124 62.1622717711 
188.929069573 62.1626974712 
188.930274022 62.1631231713 
188.931483213 62.1635505474 
188.932687662 62.1639762475 
188.933892111 62.1644019476 
188.93509656 62.1648276477 
188.936305751 62.1652550238 
188.9375102 62.1656807239 
188.93871465 62.166106424 
188.939919099 62.1665321241 
188.916828538 62.1591373129 
188.918032987 62.159563013 
188.919237436 62.1599887131 
188.920446627 62.1604160892 
188.921651076 62.1608417893 
188.922855525 62.1612674894 
188.924059974 62.1616931895 
188.925269165 62.1621205656 
188.926473614 62.1625462657 
188.927678063 62.1629719658 
188.928882512 62.1633976659 
188.930086962 62.163823366 
188.931296153 62.1642507421 
188.932500602 62.1646764422 
188.933705051 62.1651021423 
188.9349095 62.1655278424 
188.936118691 62.1659552185 
188.93732314 62.1663809186 
188.938527589 62.1668066187 
188.915437028 62.1594118075 
188.916641477 62.1598375076 
188.917845926 62.1602632077 
188.919050375 62.1606889078 
188.920259566 62.1611162839 
188.921464016 62.161541984 
188.922668465 62.1619676841 
188.923872914 62.1623933842 
188.925082105 62.1628207603 
188.926286554 62.1632464604 
188.927491003 62.1636721605 
188.928695452 62.1640978606 
188.929904643 62.1645252367 
188.931109092 62.1649509368 
188.932313541 62.1653766369 
188.93351799 62.165802337 
188.934727181 62.1662297131 
188.93593163 62.1666554132 
188.937136079 62.1670811133 
188.938340528 62.1675068134 
188.91524638 62.1601142175 
188.916450829 62.1605399176 
188.917655278 62.1609656177 
188.918864469 62.1613929938 
188.920068918 62.1618186939 
188.921273367 62.162244394 
188.922477816 62.1626700941 
188.923687007 62.1630974702 
188.924891456 62.1635231703 
188.926095906 62.1639488704 
188.927300355 62.1643745705 
188.928504804 62.1648002706 
188.929713995 62.1652276467 
188.930918444 62.1656533468 
188.932122893 62.1660790469 
188.933327342 62.166504747 
188.934536533 62.1669321231 
188.935740982 62.1673578232 
188.936945431 62.1677835233 
188.91385487 62.1603887121 
188.915059319 62.1608144122 
188.916263769 62.1612401123 
188.917468218 62.1616658124 
188.918677409 62.1620931885 
188.919881858 62.1625188886 
188.921086307 62.1629445887 
188.922290756 62.1633702888 
188.923499947 62.1637976649 
188.924704396 62.164223365 
188.923403237 62.1650941272 
188.924607704 62.1655198273 
188.925816913 62.1659472033 
188.92702138 62.1663729034 
188.928225846 62.1667986035 
188.929430313 62.1672243037 
188.930639522 62.1676516797 
188.931843989 62.1680773798 
188.933048455 62.1685030799 
188.934252922 62.16892878 
188.911162022 62.1615339689 
188.912366489 62.161959669 
188.913570956 62.1623853691 
188.914780164 62.1628127452 
188.915984631 62.1632384453 
188.917189098 62.1636641454 
188.918393565 62.1640898455 
188.919602774 62.1645172216 
188.92080724 62.1649429217 
188.922011707 62.1653686218 
188.923216174 62.1657943219 
188.924420641 62.166220022 
188.925629849 62.1666473981 
188.926834316 62.1670730982 
188.928038783 62.1674987983 
188.92924325 62.1679244984 
188.930452459 62.1683518745 
188.931656925 62.1687775746 
188.932861392 62.1692032747 
188.909766904 62.1618106787 
188.910971371 62.1622363788 
188.912175838 62.1626620789 
188.913380305 62.163087779 
188.914589513 62.1635151551 
188.91579398 62.1639408552 
188.916998447 62.1643665553 
188.918202914 62.1647922554 
188.919412123 62.1652196315 
188.920616589 62.1656453316 
188.921821056 62.1660710317 
188.923025523 62.1664967318 
188.924234732 62.1669241079 
188.925439198 62.167349808 
188.926643665 62.1677755081 
188.927848132 62.1682012082 
188.929057341 62.1686285843 
188.930261808 62.1690542844 
188.931466274 62.1694799845 
188.932670741 62.1699056846 
188.909579841 62.1625108735 
188.910784308 62.1629365736 
188.911988774 62.1633622737 
188.913197983 62.1637896498 
188.91440245 62.1642153499 
188.915606917 62.16464105 
188.916811384 62.1650667501 
188.918020592 62.1654941262 
188.919225059 62.1659198263 
188.920429526 62.1663455264 
188.921633993 62.1667712265 
188.92283846 62.1671969266 
188.924047668 62.1676243026 
188.925252135 62.1680500028 
188.926456602 62.1684757029 
188.927661069 62.168901403 
188.928870278 62.169328779 
188.930074744 62.1697544791 
188.931279211 62.1701801793 
188.908188311 62.1627853681 
188.909392778 62.1632110682 
188.910597244 62.1636367683 
188.911801711 62.1640624684 
188.91301092 62.1644898445 
188.914215387 62.1649155446 
188.915419854 62.1653412447 
188.91662432 62.1657669448 
188.917833529 62.1661943209 
188.919037996 62.166620021 
188.920242463 62.1670457211 
188.921446929 62.1674714212 
188.922656138 62.1678987973 
188.923860605 62.1683244974 
188.925065072 62.1687501975 
188.926269539 62.1691758976 
188.927478747 62.1696032737 
188.928683214 62.1700289738 
188.929887681 62.1704546739 
188.931092148 62.170880374 
188.90799766 62.163487778 
188.909202127 62.1639134781 
188.910406593 62.1643391782 
188.911615802 62.1647665543 
188.912820269 62.1651922544 
188.914024736 62.1656179545 
188.915229203 62.1660436546 
188.916438411 62.1664710307 
188.917642878 62.1668967308 
188.918847345 62.1673224309 
188.920051812 62.167748131 
188.921256278 62.1681738311 
188.922465487 62.1686012072 
188.923669954 62.1690269073 
188.924874421 62.1694526074 
188.926078888 62.1698783075 
188.927288096 62.1703056836 
188.928492563 62.1707313837 
188.92969703 62.1711570838 
188.90660613 62.1637622727 
188.907810597 62.1641879728 
188.909015063 62.1646136729 
188.91021953 62.165039373 
188.911428739 62.1654667491 
188.912633206 62.1658924492 
188.913837672 62.1663181493 
188.915042139 62.1667438494 
188.916251348 62.1671712255 
188.917455815 62.1675969256 
188.918660282 62.1680226257 
188.919864748 62.1684483258 
188.921073957 62.1688757019 
188.922278424 62.169301402 
188.923482891 62.1697271021 
188.924687358 62.1701528022 
188.925896566 62.1705801782 
188.927101033 62.1710058784 
188.9283055 62.1714315785 
188.929509967 62.1718572786 
188.906419066 62.1644624674 
188.907623533 62.1648881675 
188.908828 62.1653138676 
188.910037209 62.1657412437 
188.911241676 62.1661669438 
188.912446142 62.1665926439 
188.913650609 62.167018344 
188.914859818 62.1674457201 
188.916064285 62.1678714202 
188.917268752 62.1682971203 
188.918473218 62.1687228204 
188.919677685 62.1691485205 
188.920886894 62.1695758966 
188.922091361 62.1700015967 
188.923295827 62.1704272968 
188.924500294 62.1708529969 
188.925709503 62.171280373 
188.92691397 62.1717060731 
188.928118437 62.1721317732 
188.905023949 62.1647391772 
188.906228415 62.1651648773 
188.907432882 62.1655905774 
188.908637349 62.1660162775 
188.909846558 62.1664436536 
188.911051025 62.1668693537 
188.912255491 62.1672950538 
188.913459958 62.1677207539 
188.914669167 62.16814813 
188.915873634 62.1685738301 
188.917078101 62.1689995302 
188.918282567 62.1694252303 
188.919491776 62.1698526064 
188.920696243 62.1702783065 
188.92190071 62.1707040066 
188.923105176 62.1711297067 
188.924314385 62.1715570828 
188.925518852 62.1719827829 
188.926723319 62.172408483 
188.927927786 62.1728341831 
188.904836885 62.165439372 
188.906041352 62.1658650721 
188.907245819 62.1662907722 
188.908455028 62.1667181483 
188.909659494 62.1671438484 
188.910863961 62.1675695485 
188.912068428 62.1679952486 
188.913277637 62.1684226247 
188.914482104 62.1688483248 
188.91568657 62.1692740249 
188.916891037 62.169699725 
188.918095504 62.1701254251 
188.919304713 62.1705528012 
188.92050918 62.1709785013 
188.921713646 62.1714042014 
188.922918113 62.1718299015 
188.924127322 62.1722572776 
188.925331789 62.1726829777 
188.926536256 62.1731086778 
188.903445355 62.1657138666 
188.904649822 62.1661395667 
188.905854289 62.1665652668 
188.907058756 62.1669909669 
188.908267964 62.167418343 
188.909472431 62.1678440431 
188.910676898 62.1682697432 
188.911881365 62.1686954433 
188.913090574 62.1691228194 
188.91429504 62.1695485195 
188.915499507 62.1699742196 
188.916703974 62.1703999197 
188.917913183 62.1708272958 
188.91911765 62.1712529959 
188.920322116 62.171678696 
188.921526583 62.1721043961 
188.922735792 62.1725317722 
188.923940259 62.1729574723 
188.925144725 62.1733831724 
188.926349192 62.1738088725 
188.903254704 62.1664162765 
188.904459171 62.1668419766 
188.905663638 62.1672676767 
188.906872847 62.1676950528 
188.908077313 62.1681207529 
188.90928178 62.168546453 
188.910486247 62.1689721531 
188.911695456 62.1693995292 
188.912899923 62.1698252293 
188.914104389 62.1702509294 
188.915308856 62.1706766295 
188.916513323 62.1711023296 
188.917722532 62.1715297057 
188.918926999 62.1719554058 
188.920131465 62.1723811059 
188.921335932 62.172806806 
188.922545141 62.1732341821 
188.923749608 62.1736598822 
188.924954074 62.1740855823 
188.918560603 62.156233161 
188.919765089 62.1566588627 
188.920969575 62.1570845645 
188.922178804 62.1575119422 
188.92338329 62.157937644 
188.924587776 62.1583633457 
188.925792262 62.1587890475 
188.927001491 62.1592164252 
188.928205977 62.159642127 
188.929410463 62.1600678287 
188.930614949 62.1604935305 
188.931819436 62.1609192323 
188.933028664 62.16134661 
188.93423315 62.1617723117 
188.935437636 62.1621980135 
188.936642123 62.1626237153 
188.937851351 62.163051093 
188.939055837 62.1634767948 
188.940260323 62.1639024965 
188.917165458 62.1565098689 
188.918369944 62.1569355707 
188.91957443 62.1573612724 
188.920778916 62.1577869742 
188.921988145 62.1582143519 
188.923192631 62.1586400537 
188.924397117 62.1590657554 
188.925601603 62.1594914572 
188.926810832 62.1599188349 
188.928015318 62.1603445367 
188.929219804 62.1607702384 
188.93042429 62.1611959402 
188.931633519 62.1616233179 
188.932838005 62.1620490197 
188.934042491 62.1624747214 
188.935246977 62.1629004232 
188.936456206 62.1633278009 
188.937660692 62.1637535027 
188.938865178 62.1641792044 
188.940069665 62.1646049062 
188.916978386 62.1572100634 
188.918182873 62.1576357651 
188.919387359 62.1580614669 
188.920596587 62.1584888446 
188.921801074 62.1589145464 
188.92300556 62.1593402481 
188.924210046 62.1597659499 
188.925419274 62.1601933276 
188.926623761 62.1606190294 
188.927828247 62.1610447311 
188.929032733 62.1614704329 
188.930237219 62.1618961347 
188.931446448 62.1623235124 
188.932650934 62.1627492142 
188.93385542 62.1631749159 
188.935059906 62.1636006177 
188.936269135 62.1640279954 
188.937473621 62.1644536972 
188.938678107 62.1648793989 
188.915586829 62.1574845561 
188.916791315 62.1579102579 
188.917995802 62.1583359596 
188.919200288 62.1587616614 
188.920409516 62.1591890391 
188.921614002 62.1596147409 
188.922818489 62.1600404426 
188.924022975 62.1604661444 
188.925232203 62.1608935221 
188.926436689 62.1613192239 
188.927641176 62.1617449256 
188.928845662 62.1621706274 
188.93005489 62.1625980051 
188.931259376 62.1630237069 
188.932463863 62.1634494086 
188.933668349 62.1638751104 
188.934877577 62.1643024881 
188.936082064 62.1647281899 
188.93728655 62.1651538916 
188.938491036 62.1655795934 
188.91539617 62.1581869658 
188.916600656 62.1586126675 
188.917805143 62.1590383693 
188.919014371 62.159465747 
188.920218857 62.1598914488 
188.921423343 62.1603171506 
188.92262783 62.1607428523 
188.923837058 62.16117023 
188.925041544 62.1615959318 
188.926246031 62.1620216336 
188.927450517 62.1624473353 
188.928655003 62.1628730371 
188.929864231 62.1633004148 
188.931068718 62.1637261166 
188.932273204 62.1641518183 
188.93347769 62.1645775201 
188.934686918 62.1650048978 
188.935891405 62.1654305996 
188.937095891 62.1658563013 
188.914004613 62.1584614585 
188.915209099 62.1588871603 
188.916413585 62.159312862 
188.917618072 62.1597385638 
188.9188273 62.1601659415 
188.920031786 62.1605916433 
188.921236272 62.161017345 
188.922440759 62.1614430468 
188.923649987 62.1618704245 
188.924854473 62.1622961263 
188.926058959 62.162721828 
188.927263446 62.1631475298 
188.928472674 62.1635749075 
188.92967716 62.1640006093 
188.930881646 62.164426311 
188.932086133 62.1648520128 
188.933295361 62.1652793905 
188.934499847 62.1657050923 
188.935704334 62.166130794 
188.93690882 62.1665564958 
188.913817542 62.159161653 
188.915022028 62.1595873548 
188.916226514 62.1600130565 
188.917435743 62.1604404343 
188.918640229 62.160866136 
188.919844715 62.1612918378 
188.921049201 62.1617175395 
188.92225843 62.1621449173 
188.923462916 62.162570619 
188.924667402 62.1629963208 
188.925871888 62.1634220225 
188.927076375 62.1638477243 
188.928285603 62.164275102 
188.929490089 62.1647008038 
188.930694575 62.1651265055 
188.931899062 62.1655522073 
188.93310829 62.165979585 
188.934312776 62.1664052868 
188.935517262 62.1668309885 
188.912422397 62.1594383609 
188.913626883 62.1598640627 
188.914831369 62.1602897644 
188.916035855 62.1607154662 
188.917245084 62.1611428439 
188.91844957 62.1615685457 
188.919654056 62.1619942474 
188.920858542 62.1624199492 
188.922067771 62.1628473269 
188.923272257 62.1632730287 
188.924476743 62.1636987304 
188.925681229 62.1641244322 
188.926890458 62.1645518099 
188.928094944 62.1649775117 
188.92929943 62.1654032134 
188.930503916 62.1658289152 
188.931713145 62.1662562929 
188.932917631 62.1666819947 
188.934122117 62.1671076964 
188.935326603 62.1675333982 
188.912235325 62.1601385554 
188.913439812 62.1605642572 
188.914644298 62.1609899589 
188.915853526 62.1614173367 
188.917058012 62.1618430384 
188.918262499 62.1622687402 
188.919466985 62.1626944419 
188.920676213 62.1631218197 
188.9218807 62.1635475214 
188.923085186 62.1639732232 
188.924289672 62.1643989249 
188.925494158 62.1648246267 
188.926703387 62.1652520044 
188.927907873 62.1656777062 
188.929112359 62.1661034079 
188.930316845 62.1665291097 
188.931526074 62.1669564874 
188.93273056 62.1673821892 
188.933935046 62.1678078909 
188.910843768 62.1604130481 
188.912048254 62.1608387499 
188.913252741 62.1612644516 
188.914457227 62.1616901534 
188.915666455 62.1621175311 
188.916870941 62.1625432329 
188.918075428 62.1629689346 
188.919279914 62.1633946364 
188.920489142 62.1638220141 
188.921693628 62.1642477159 
188.922898115 62.1646734176 
188.924102601 62.1650991194 
188.925311829 62.1655264971 
188.926516315 62.1659521989 
188.927720802 62.1663779006 
188.928925288 62.1668036024 
188.930134516 62.1672309801 
188.931339002 62.1676566819 
188.932543489 62.1680823836 
188.933747975 62.1685080854 
188.910653109 62.1611154578 
188.911857595 62.1615411596 
188.913062082 62.1619668613 
188.91427131 62.1623942391 
188.915475796 62.1628199408 
188.916680282 62.1632456426 
188.917884769 62.1636713443 
188.919093997 62.1640987221 
188.920298483 62.1645244238 
188.921502969 62.1649501256 
188.922707456 62.1653758273 
188.923911942 62.1658015291 
188.92512117 62.1662289068 
188.926325657 62.1666546086 
188.927530143 62.1670803103 
188.928734629 62.1675060121 
188.929943857 62.1679333898 
188.931148344 62.1683590916 
188.93235283 62.1687847933 
188.909261552 62.1613899505 
188.910466038 62.1618156523 
188.911670524 62.162241354 
188.91287501 62.1626670558 
188.914084239 62.1630944335 
188.915288725 62.1635201353 
188.916493211 62.163945837 
188.917697698 62.1643715388 
188.918906926 62.1647989165 
188.920111412 62.1652246183 
188.921315898 62.16565032 
188.922520385 62.1660760218 
188.923729613 62.1665033995 
188.924934099 62.1669291013 
188.926138585 62.167354803 
188.927343072 62.1677805048 
188.9285523 62.1682078825 
188.929756786 62.1686335843 
188.930961272 62.169059286 
188.932165759 62.1694849878 
188.909074481 62.162090145 
188.910278967 62.1625158468 
188.911483453 62.1629415485 
188.912692681 62.1633689263 
188.913897168 62.163794628 
188.915101654 62.1642203298 
188.91630614 62.1646460315 
188.917515368 62.1650734093 
188.918719855 62.165499111 
188.919924341 62.1659248128 
188.921128827 62.1663505145 
188.922333313 62.1667762163 
188.923542542 62.167203594 
188.924747028 62.1676292958 
188.925951514 62.1680549975 
188.927156001 62.1684806993 
188.928365229 62.168908077 
188.929569715 62.1693337788 
188.930774201 62.1697594805 
188.907679335 62.1623668529 
188.908883822 62.1627925547 
188.910088308 62.1632182564 
188.911292794 62.1636439582 
188.912502023 62.1640713359 
188.913706509 62.1644970377 
188.914910995 62.1649227394 
188.916115481 62.1653484412 
188.91732471 62.1657758189 
188.918529196 62.1662015207 
188.919733682 62.1666272224 
188.920938168 62.1670529242 
188.922147397 62.1674803019 
188.923351883 62.1679060037 
188.924556369 62.1683317055 
188.925760855 62.1687574072 
188.926970084 62.1691847849 
188.92817457 62.1696104867 
188.929379056 62.1700361885 
188.930583542 62.1704618902 
188.907492264 62.1630670474 
188.908696751 62.1634927492 
188.909901237 62.1639184509 
188.911110465 62.1643458287 
188.912314951 62.1647715304 
188.913519438 62.1651972322 
188.914723924 62.1656229339 
188.915933152 62.1660503117 
188.917137638 62.1664760134 
188.918342125 62.1669017152 
188.919546611 62.1673274169 
188.920751097 62.1677531187 
188.921960325 62.1681804964 
188.923164812 62.1686061982 
188.924369298 62.1690318999 
188.925573784 62.1694576017 
188.926783013 62.1698849794 
188.927987499 62.1703106812 
188.929191985 62.1707363829 
188.906100707 62.1633415401 
188.907305193 62.1637672419 
188.908509679 62.1641929437 
188.909714166 62.1646186454 
188.910923394 62.1650460231 
188.91212788 62.1654717249 
188.913332367 62.1658974267 
188.914536853 62.1663231284 
188.915746081 62.1667505061 
188.916950567 62.1671762079 
188.918155054 62.1676019097 
188.91935954 62.1680276114 
188.920568768 62.1684549892 
188.921773254 62.1688806909 
188.922977741 62.1693063927 
188.924182227 62.1697320944 
188.925391455 62.1701594722 
188.926595941 62.1705851739 
188.927800428 62.1710108757 
188.929004914 62.1714365774 
188.905910048 62.1640439498 
188.907114534 62.1644696516 
188.908319021 62.1648953533 
188.909528249 62.1653227311 
188.910732735 62.1657484328 
188.911937221 62.1661741346 
188.913141708 62.1665998363 
188.914350936 62.1670272141 
188.915555422 62.1674529158 
188.916759908 62.1678786176 
188.917964395 62.1683043193 
188.919168881 62.1687300211 
188.920378109 62.1691573988 
188.921582595 62.1695831006 
188.922787082 62.1700088023 
188.923991568 62.1704345041 
188.925200796 62.1708618818 
188.926405283 62.1712875836 
188.927609769 62.1717132853 
188.904518491 62.1643184425 
188.905722977 62.1647441443 
188.906927463 62.1651698461 
188.908131949 62.1655955478 
188.909341178 62.1660229256 
188.910545664 62.1664486273 
188.91175015 62.1668743291 
188.912954636 62.1673000308 
188.914163865 62.1677274086 
188.915368351 62.1681531103 
188.916572837 62.1685788121 
188.917777324 62.1690045138 
188.918986552 62.1694318916 
188.920191038 62.1698575933 
188.921395524 62.1702832951 
188.922600011 62.1707089968 
188.923809239 62.1711363746 
188.925013725 62.1715620763 
188.926218211 62.1719877781 
188.927422698 62.1724134798 
188.90433142 62.165018637 
188.905535906 62.1654443388 
188.906740392 62.1658700405 
188.90794962 62.1662974183 
188.909154107 62.16672312 
188.910358593 62.1671488218 
188.911563079 62.1675745235 
188.912772307 62.1680019013 
188.913976794 62.168427603 
188.91518128 62.1688533048 
188.916385766 62.1692790065 
188.917590252 62.1697047083 
188.918799481 62.170132086 
188.920003967 62.1705577878 
188.921208453 62.1709834895 
188.922412939 62.1714091913 
188.923622168 62.171836569 
188.924826654 62.1722622708 
188.92603114 62.1726879725 
188.902936274 62.165295345 
188.904140761 62.1657210467 
188.905345247 62.1661467485 
188.906549733 62.1665724502 
188.907758961 62.166999828 
188.908963448 62.1674255297 
188.910167934 62.1678512315 
188.91137242 62.1682769332 
188.912581649 62.168704311 
188.913786135 62.1691300127 
188.914990621 62.1695557145 
188.916195107 62.1699814162 
188.917404336 62.170408794 
188.918608822 62.1708344957 
188.919813308 62.1712601975 
188.921017794 62.1716858992 
188.922227023 62.172113277 
188.923431509 62.1725389787 
188.924635995 62.1729646805 
188.925840481 62.1733903822 
188.902749203 62.1659955394 
188.90395369 62.1664212412 
188.905158176 62.1668469429 
188.906367404 62.1672743207 
188.90757189 62.1677000224 
188.908776377 62.1681257242 
188.909980863 62.1685514259 
188.911190091 62.1689788037 
188.912394577 62.1694045054 
188.913599064 62.1698302072 
188.91480355 62.1702559089 
188.916008036 62.1706816107 
188.917217264 62.1711089884 
188.918421751 62.1715346902 
188.919626237 62.1719603919 
188.920830723 62.1723860937 
188.922039951 62.1728134714 
188.923244438 62.1732391732 
188.924448924 62.1736648749 
188.901357646 62.1662700322 
188.902562132 62.1666957339 
188.903766618 62.1671214357 
188.904971105 62.1675471374 
188.906180333 62.1679745152 
188.907384819 62.1684002169 
188.908589305 62.1688259187 
188.909793792 62.1692516204 
188.91100302 62.1696789982 
188.912207506 62.1701046999 
188.913411993 62.1705304017 
188.914616479 62.1709561034 
188.915825707 62.1713834812 
188.917030193 62.1718091829 
188.91823468 62.1722348847 
188.919439166 62.1726605864 
188.920648394 62.1730879642 
188.92185288 62.1735136659 
188.923057367 62.1739393677 
188.924261853 62.1743650694 
188.901166987 62.1669724418 
188.902371473 62.1673981436 
188.903575959 62.1678238453 
188.904785188 62.1682512231 
188.905989674 62.1686769248 
188.90719416 62.1691026266 
188.908398647 62.1695283283 
188.909607875 62.1699557061 
188.910812361 62.1703814078 
188.912016847 62.1708071096 
188.913221334 62.1712328113 
188.91442582 62.1716585131 
188.915635048 62.1720858908 
188.916839534 62.1725115926 
188.918044021 62.1729372943 
188.919248507 62.1733629961 
188.920457735 62.1737903738 
188.921662221 62.1742160756 
188.922866708 62.1746417773 
188.930921651 62.1641478293 
188.93212608 62.1645735294 
188.933335251 62.1650009055 
188.93453968 62.1654266056 
188.935744109 62.1658523057 
188.936948539 62.1662780058 
188.93815771 62.1667053819 
188.939362139 62.167131082 
188.940566568 62.1675567821 
188.941770997 62.1679824822 
188.918680819 62.1605876711 
188.919885248 62.1610133712 
188.921089677 62.1614390713 
188.922298848 62.1618664474 
188.923503277 62.1622921475 
188.924707706 62.1627178476 
188.925912135 62.1631435477 
188.927121306 62.1635709238 
188.928325735 62.1639966239 
188.929530164 62.164422324 
188.930734594 62.1648480241 
188.931939023 62.1652737242 
188.933148194 62.1657011003 
188.934352623 62.1661268004 
188.935557052 62.1665525005 
188.936761481 62.1669782006 
188.937970652 62.1674055767 
188.939175081 62.1678312768 
188.94037951 62.1682569769 
188.917285744 62.1608643809 
188.918490173 62.161290081 
188.919694603 62.1617157811 
188.920899032 62.1621414812 
188.922108203 62.1625688573 
188.923312632 62.1629945574 
188.924517061 62.1634202575 
188.92572149 62.1638459576 
188.926930661 62.1642733337 
188.92813509 62.1646990338 
188.929339519 62.1651247339 
188.930543949 62.165550434 
188.93175312 62.1659778101 
188.932957549 62.1664035102 
188.934161978 62.1668292103 
188.935366407 62.1672549104 
188.936575578 62.1676822865 
188.937780007 62.1681079866 
188.938984436 62.1685336867 
188.940188865 62.1689593868 
188.917098687 62.1615645756 
188.918303116 62.1619902757 
188.919507545 62.1624159758 
188.920716716 62.1628433519 
188.921921145 62.163269052 
188.923125574 62.1636947521 
188.924330004 62.1641204522 
188.925539175 62.1645478283 
188.926743604 62.1649735284 
188.927948033 62.1653992285 
188.929152462 62.1658249286 
188.930356891 62.1662506287 
188.931566062 62.1666780048 
188.932770491 62.1671037049 
188.93397492 62.167529405 
188.93517935 62.1679551051 
188.936388521 62.1683824812 
188.93759295 62.1688081813 
188.938797379 62.1692338814 
188.9157072 62.1618390703 
188.916911629 62.1622647704 
188.918116059 62.1626904705 
188.919320488 62.1631161706 
188.920529659 62.1635435467 
188.921734088 62.1639692468 
188.922938517 62.1643949469 
188.924142946 62.164820647 
188.925352117 62.1652480231 
188.926556546 62.1656737232 
188.927760975 62.1660994233 
188.928965405 62.1665251234 
188.930174576 62.1669524995 
188.931379005 62.1673781996 
188.932583434 62.1678038997 
188.933787863 62.1682295998 
188.934997034 62.1686569759 
188.936201463 62.169082676 
188.937405892 62.1695083761 
188.938610321 62.1699340762 
188.915516555 62.1625414802 
188.916720984 62.1629671803 
188.917925414 62.1633928804 
188.919134585 62.1638202565 
188.920339014 62.1642459566 
188.921543443 62.1646716567 
188.922747872 62.1650973568 
188.923957043 62.1655247329 
188.925161472 62.165950433 
188.926365901 62.1663761331 
188.92757033 62.1668018332 
188.92877476 62.1672275333 
188.92998393 62.1676549094 
188.93118836 62.1680806095 
188.932392789 62.1685063096 
188.933597218 62.1689320097 
188.934806389 62.1693593858 
188.936010818 62.1697850859 
188.937215247 62.170210786 
188.914125069 62.1628159748 
188.915329498 62.1632416749 
188.916533927 62.1636673751 
188.917738356 62.1640930752 
188.918947527 62.1645204512 
188.920151956 62.1649461513 
188.921356385 62.1653718514 
188.922560815 62.1657975515 
188.923769985 62.1662249276 
188.924974415 62.1666506277 
188.926178844 62.1670763278 
188.927383273 62.1675020279 
188.928592444 62.167929404 
188.929796873 62.1683551041 
188.931001302 62.1687808042 
188.932205731 62.1692065043 
188.933414902 62.1696338804 
188.934619331 62.1700595805 
188.935823761 62.1704852806 
188.93702819 62.1709109807 
188.913938011 62.1635161696 
188.91514244 62.1639418697 
188.91634687 62.1643675698 
188.917556041 62.1647949459 
188.91876047 62.165220646 
188.919964899 62.1656463461 
188.921169328 62.1660720462 
188.922378499 62.1664994223 
188.923582928 62.1669251224 
188.924787357 62.1673508225 
188.925991786 62.1677765226 
188.927196215 62.1682022227 
188.928405386 62.1686295988 
188.929609816 62.1690552989 
188.930814245 62.169480999 
188.932018674 62.1699066991 
188.933227845 62.1703340752 
188.934432274 62.1707597753 
188.935636703 62.1711854754 
188.912542937 62.1637928794 
188.913747366 62.1642185795 
188.914951795 62.1646442796 
188.916156224 62.1650699797 
188.917365395 62.1654973558 
188.918569825 62.1659230559 
188.919774254 62.166348756 
188.920978683 62.1667744561 
188.922187854 62.1672018322 
188.923392283 62.1676275323 
188.924596712 62.1680532324 
188.925801141 62.1684789325 
188.927010312 62.1689063086 
188.928214741 62.1693320087 
188.929419171 62.1697577088 
188.9306236 62.1701834089 
188.931832771 62.170610785 
188.9330372 62.1710364851 
188.934241629 62.1714621852 
188.935446058 62.1718878853 
188.91235588 62.1644930742 
188.913560309 62.1649187743 
188.914764738 62.1653444744 
188.915973909 62.1657718504 
188.917178338 62.1661975505 
188.918382767 62.1666232507 
188.919587196 62.1670489508 
188.920796367 62.1674763268 
188.922000796 62.1679020269 
188.923205226 62.168327727 
188.924409655 62.1687534271 
188.925614084 62.1691791273 
188.926823255 62.1696065033 
188.928027684 62.1700322034 
188.929232113 62.1704579035 
188.930436542 62.1708836036 
188.931645713 62.1713109797 
188.932850142 62.1717366798 
188.934054572 62.1721623799 
188.910964393 62.1647675688 
188.912168822 62.1651932689 
188.913373251 62.165618969 
188.91457768 62.1660446691 
188.915786851 62.1664720452 
188.916991281 62.1668977453 
188.91819571 62.1673234454 
188.919400139 62.1677491455 
188.92060931 62.1681765216 
188.921813739 62.1686022217 
188.923018168 62.1690279218 
188.924222597 62.1694536219 
188.925431768 62.169880998 
188.926636197 62.1703066981 
188.927840627 62.1707323982 
188.929045056 62.1711580983 
188.930254227 62.1715854744 
188.931458656 62.1720111745 
188.932663085 62.1724368746 
188.933867514 62.1728625747 
188.910773748 62.1654699787 
188.911978177 62.1658956788 
188.913182606 62.1663213789 
188.914391777 62.166748755 
188.915596206 62.1671744551 
188.916800636 62.1676001552 
188.918005065 62.1680258553 
188.919214236 62.1684532314 
188.920418665 62.1688789315 
188.921623094 62.1693046316 
188.922827523 62.1697303317 
188.924031952 62.1701560318 
188.925241123 62.1705834079 
188.926445552 62.171009108 
188.927649981 62.1714348081 
188.928854411 62.1718605082 
188.930063582 62.1722878843 
188.931268011 62.1727135844 
188.93247244 62.1731392845 
188.933428736 62.1640638778 
188.934633162 62.1644895779 
188.935842329 62.164916954 
188.937046755 62.1653426541 
188.938251181 62.1657683542 
188.939455607 62.1661940543 
188.940664774 62.1666214304 
188.9418692 62.1670471305 
188.943073626 62.1674728306 
188.944278052 62.1678985307 
188.921187937 62.1605037196 
188.922392363 62.1609294197 
188.923596789 62.1613551198 
188.924805956 62.1617824959 
188.926010382 62.162208196 
188.927214808 62.1626338961 
188.928419234 62.1630595962 
188.929628401 62.1634869723 
188.930832827 62.1639126724 
188.932037253 62.1643383725 
188.933241679 62.1647640726 
188.934446105 62.1651897727 
188.935655272 62.1656171488 
188.936859698 62.1660428489 
188.938064124 62.166468549 
188.93926855 62.1668942491 
188.940477717 62.1673216252 
188.941682143 62.1677473253 
188.942886569 62.1681730254 
188.919792867 62.1607804294 
188.920997293 62.1612061295 
188.922201718 62.1616318296 
188.923406144 62.1620575297 
188.924615312 62.1624849058 
188.925819738 62.1629106059 
188.927024163 62.163336306 
188.928228589 62.1637620061 
188.929437757 62.1641893822 
188.930642183 62.1646150823 
188.931846609 62.1650407824 
188.933051034 62.1654664825 
188.934260202 62.1658938586 
188.935464628 62.1663195587 
188.936669054 62.1667452588 
188.937873479 62.1671709589 
188.939082647 62.167598335 
188.940287073 62.1680240351 
188.941491499 62.1684497352 
188.942695924 62.1688754353 
188.91960581 62.1614806241 
188.920810236 62.1619063242 
188.922014662 62.1623320243 
188.923223829 62.1627594004 
188.924428255 62.1631851005 
188.925632681 62.1636108006 
188.926837107 62.1640365007 
188.928046274 62.1644638768 
188.9292507 62.1648895769 
188.930455126 62.165315277 
188.931659552 62.1657409771 
188.932863977 62.1661666772 
188.934073145 62.1665940533 
188.935277571 62.1670197534 
188.936481997 62.1674454535 
188.937686422 62.1678711536 
188.93889559 62.1682985297 
188.940100016 62.1687242298 
188.941304442 62.1691499299 
188.918214327 62.1617551188 
188.919418753 62.1621808189 
188.920623179 62.162606519 
188.921827605 62.1630322191 
188.923036772 62.1634595952 
188.924241198 62.1638852953 
188.925445624 62.1643109954 
188.92665005 62.1647366955 
188.927859217 62.1651640716 
188.929063643 62.1655897717 
188.930268069 62.1660154718 
188.931472495 62.1664411719 
188.932681662 62.166868548 
188.933886088 62.1672942481 
188.935090514 62.1677199482 
188.93629494 62.1681456483 
188.937504107 62.1685730244 
188.938708533 62.1689987245 
188.939912959 62.1694244246 
188.941117385 62.1698501247 
188.918023683 62.1624575287 
188.919228108 62.1628832288 
188.920432534 62.1633089289 
188.921641702 62.163736305 
188.922846128 62.1641620051 
188.924050554 62.1645877052 
188.925254979 62.1650134053 
188.926464147 62.1654407814 
188.927668573 62.1658664815 
188.928872999 62.1662921816 
188.930077424 62.1667178817 
188.93128185 62.1671435818 
188.932491018 62.1675709579 
188.933695444 62.167996658 
188.934899869 62.1684223581 
188.936104295 62.1688480582 
188.937313463 62.1692754343 
188.938517889 62.1697011344 
188.939722314 62.1701268345 
188.9166322 62.1627320233 
188.917836626 62.1631577234 
188.919041052 62.1635834236 
188.920245477 62.1640091237 
188.921454645 62.1644364997 
188.922659071 62.1648621998 
188.923863497 62.1652878999 
188.925067922 62.1657136 
188.92627709 62.1661409761 
188.927481516 62.1665666762 
188.928685942 62.1669923763 
188.929890367 62.1674180764 
188.931099535 62.1678454525 
188.932303961 62.1682711526 
188.933508387 62.1686968527 
188.934712812 62.1691225528 
188.93592198 62.1695499289 
188.937126406 62.169975629 
188.938330832 62.1704013291 
188.939535257 62.1708270292 
188.916445143 62.1634322181 
188.917649569 62.1638579182 
188.918853995 62.1642836183 
188.920063162 62.1647109944 
188.921267588 62.1651366945 
188.922472014 62.1655623946 
188.92367644 62.1659880947 
188.924885607 62.1664154708 
188.926090033 62.1668411709 
188.927294459 62.167266871 
188.928498885 62.1676925711 
188.92970331 62.1681182712 
188.930912478 62.1685456473 
188.932116904 62.1689713474 
188.93332133 62.1693970475 
188.934525756 62.1698227476 
188.935734923 62.1702501237 
188.936939349 62.1706758238 
188.938143775 62.1711015239 
188.915050073 62.1637089279 
188.916254499 62.164134628 
188.917458924 62.1645603281 
188.91866335 62.1649860282 
188.919872518 62.1654134043 
188.921076944 62.1658391044 
188.922281369 62.1662648045 
188.923485795 62.1666905046 
188.924694963 62.1671178807 
188.925899389 62.1675435808 
188.927103814 62.1679692809 
188.92830824 62.168394981 
188.929517408 62.1688223571 
188.930721834 62.1692480572 
188.931926259 62.1696737573 
188.933130685 62.1700994574 
188.934339853 62.1705268335 
188.935544279 62.1709525336 
188.936748704 62.1713782337 
188.93795313 62.1718039338 
188.914863016 62.1644091227 
188.916067442 62.1648348228 
188.917271867 62.1652605229 
188.918481035 62.1656878989 
188.919685461 62.166113599 
188.920889887 62.1665392991 
188.922094312 62.1669649993 
188.92330348 62.1673923753 
188.924507906 62.1678180754 
188.925712332 62.1682437755 
188.926916757 62.1686694756 
188.928121183 62.1690951758 
188.929330351 62.1695225518 
188.930534777 62.1699482519 
188.931739202 62.170373952 
188.932943628 62.1707996521 
188.934152796 62.1712270282 
188.935357222 62.1716527283 
188.936561648 62.1720784284 
188.913471533 62.1646836173 
188.914675959 62.1651093174 
188.915880385 62.1655350175 
188.91708481 62.1659607176 
188.918293978 62.1663880937 
188.919498404 62.1668137938 
188.92070283 62.1672394939 
188.921907255 62.167665194 
188.923116423 62.1680925701 
188.924320849 62.1685182702 
188.925525275 62.1689439703 
188.926729701 62.1693696704 
188.927938868 62.1697970465 
188.929143294 62.1702227466 
188.93034772 62.1706484467 
188.931552146 62.1710741468 
188.932761313 62.1715015229 
188.933965739 62.171927223 
188.935170165 62.1723529231 
188.936374591 62.1727786232 
188.913280889 62.1653860272 
188.914485314 62.1658117273 
188.91568974 62.1662374274 
188.916898908 62.1666648035 
188.918103334 62.1670905036 
188.919307759 62.1675162037 
188.920512185 62.1679419038 
188.921721353 62.1683692799 
188.922925779 62.16879498 
188.924130204 62.1692206801 
188.92533463 62.1696463802 
188.926539056 62.1700720803 
188.927748224 62.1704994564 
188.928952649 62.1709251565 
188.930157075 62.1713508566 
188.931361501 62.1717765567 
188.932570669 62.1722039328 
188.933775094 62.1726296329 
188.93497952 62.173055333 
