# Diameter of fibers and ra,dec positions in the sky 
0.75 
188.933428736 62.1640638778 
188.934633162 62.1644895779 
188.935842329 62.164916954 
188.937046755 62.1653426541 
188.938251181 62.1657683542 
188.939455607 62.1661940543 
188.940664774 62.1666214304 
188.9418692 62.1670471305 
188.943073626 62.1674728306 
188.944278052 62.1678985307 
188.921187937 62.1605037196 
188.922392363 62.1609294197 
188.923596789 62.1613551198 
188.924805956 62.1617824959 
188.926010382 62.162208196 
188.927214808 62.1626338961 
188.928419234 62.1630595962 
188.929628401 62.1634869723 
188.930832827 62.1639126724 
188.932037253 62.1643383725 
188.933241679 62.1647640726 
188.934446105 62.1651897727 
188.935655272 62.1656171488 
188.936859698 62.1660428489 
188.938064124 62.166468549 
188.93926855 62.1668942491 
188.940477717 62.1673216252 
188.941682143 62.1677473253 
188.942886569 62.1681730254 
188.919792867 62.1607804294 
188.920997293 62.1612061295 
188.922201718 62.1616318296 
188.923406144 62.1620575297 
188.924615312 62.1624849058 
188.925819738 62.1629106059 
188.927024163 62.163336306 
188.928228589 62.1637620061 
188.929437757 62.1641893822 
188.930642183 62.1646150823 
188.931846609 62.1650407824 
188.933051034 62.1654664825 
188.934260202 62.1658938586 
188.935464628 62.1663195587 
188.936669054 62.1667452588 
188.937873479 62.1671709589 
188.939082647 62.167598335 
188.940287073 62.1680240351 
188.941491499 62.1684497352 
188.942695924 62.1688754353 
188.91960581 62.1614806241 
188.920810236 62.1619063242 
188.922014662 62.1623320243 
188.923223829 62.1627594004 
188.924428255 62.1631851005 
188.925632681 62.1636108006 
188.926837107 62.1640365007 
188.928046274 62.1644638768 
188.9292507 62.1648895769 
188.930455126 62.165315277 
188.931659552 62.1657409771 
188.932863977 62.1661666772 
188.934073145 62.1665940533 
188.935277571 62.1670197534 
188.936481997 62.1674454535 
188.937686422 62.1678711536 
188.93889559 62.1682985297 
188.940100016 62.1687242298 
188.941304442 62.1691499299 
188.918214327 62.1617551188 
188.919418753 62.1621808189 
188.920623179 62.162606519 
188.921827605 62.1630322191 
188.923036772 62.1634595952 
188.924241198 62.1638852953 
188.925445624 62.1643109954 
188.92665005 62.1647366955 
188.927859217 62.1651640716 
188.929063643 62.1655897717 
188.930268069 62.1660154718 
188.931472495 62.1664411719 
188.932681662 62.166868548 
188.933886088 62.1672942481 
188.935090514 62.1677199482 
188.93629494 62.1681456483 
188.937504107 62.1685730244 
188.938708533 62.1689987245 
188.939912959 62.1694244246 
188.941117385 62.1698501247 
188.918023683 62.1624575287 
188.919228108 62.1628832288 
188.920432534 62.1633089289 
188.921641702 62.163736305 
188.922846128 62.1641620051 
188.924050554 62.1645877052 
188.925254979 62.1650134053 
188.926464147 62.1654407814 
188.927668573 62.1658664815 
188.928872999 62.1662921816 
188.930077424 62.1667178817 
188.93128185 62.1671435818 
188.932491018 62.1675709579 
188.933695444 62.167996658 
188.934899869 62.1684223581 
188.936104295 62.1688480582 
188.937313463 62.1692754343 
188.938517889 62.1697011344 
188.939722314 62.1701268345 
188.9166322 62.1627320233 
188.917836626 62.1631577234 
188.919041052 62.1635834236 
188.920245477 62.1640091237 
188.921454645 62.1644364997 
188.922659071 62.1648621998 
188.923863497 62.1652878999 
188.925067922 62.1657136 
188.92627709 62.1661409761 
188.927481516 62.1665666762 
188.928685942 62.1669923763 
188.929890367 62.1674180764 
188.931099535 62.1678454525 
188.932303961 62.1682711526 
188.933508387 62.1686968527 
188.934712812 62.1691225528 
188.93592198 62.1695499289 
188.937126406 62.169975629 
188.938330832 62.1704013291 
188.939535257 62.1708270292 
188.916445143 62.1634322181 
188.917649569 62.1638579182 
188.918853995 62.1642836183 
188.920063162 62.1647109944 
188.921267588 62.1651366945 
188.922472014 62.1655623946 
188.92367644 62.1659880947 
188.924885607 62.1664154708 
188.926090033 62.1668411709 
188.927294459 62.167266871 
188.928498885 62.1676925711 
188.92970331 62.1681182712 
188.930912478 62.1685456473 
188.932116904 62.1689713474 
188.93332133 62.1693970475 
188.934525756 62.1698227476 
188.935734923 62.1702501237 
188.936939349 62.1706758238 
188.938143775 62.1711015239 
188.915050073 62.1637089279 
188.916254499 62.164134628 
188.917458924 62.1645603281 
188.91866335 62.1649860282 
188.919872518 62.1654134043 
188.921076944 62.1658391044 
188.922281369 62.1662648045 
188.923485795 62.1666905046 
188.924694963 62.1671178807 
188.925899389 62.1675435808 
188.927103814 62.1679692809 
188.92830824 62.168394981 
188.929517408 62.1688223571 
188.930721834 62.1692480572 
188.931926259 62.1696737573 
188.933130685 62.1700994574 
188.934339853 62.1705268335 
188.935544279 62.1709525336 
188.936748704 62.1713782337 
188.93795313 62.1718039338 
188.914863016 62.1644091227 
188.916067442 62.1648348228 
188.917271867 62.1652605229 
188.918481035 62.1656878989 
188.919685461 62.166113599 
188.920889887 62.1665392991 
188.922094312 62.1669649993 
188.92330348 62.1673923753 
188.924507906 62.1678180754 
188.925712332 62.1682437755 
188.926916757 62.1686694756 
188.928121183 62.1690951758 
188.929330351 62.1695225518 
188.930534777 62.1699482519 
188.931739202 62.170373952 
188.932943628 62.1707996521 
188.934152796 62.1712270282 
188.935357222 62.1716527283 
188.936561648 62.1720784284 
188.913471533 62.1646836173 
188.914675959 62.1651093174 
188.915880385 62.1655350175 
188.91708481 62.1659607176 
188.918293978 62.1663880937 
188.919498404 62.1668137938 
188.92070283 62.1672394939 
188.921907255 62.167665194 
188.923116423 62.1680925701 
188.924320849 62.1685182702 
188.925525275 62.1689439703 
188.926729701 62.1693696704 
188.927938868 62.1697970465 
188.929143294 62.1702227466 
188.93034772 62.1706484467 
188.931552146 62.1710741468 
188.932761313 62.1715015229 
188.933965739 62.171927223 
188.935170165 62.1723529231 
188.936374591 62.1727786232 
188.913280889 62.1653860272 
188.914485314 62.1658117273 
188.91568974 62.1662374274 
188.916898908 62.1666648035 
188.918103334 62.1670905036 
188.919307759 62.1675162037 
188.920512185 62.1679419038 
188.921721353 62.1683692799 
188.922925779 62.16879498 
188.924130204 62.1692206801 
188.92533463 62.1696463802 
188.926539056 62.1700720803 
188.927748224 62.1704994564 
188.928952649 62.1709251565 
188.930157075 62.1713508566 
188.931361501 62.1717765567 
188.932570669 62.1722039328 
188.933775094 62.1726296329 
188.93497952 62.173055333 
