205.653927 28.365312 0.75 1 
205.653733 28.365996 0.75 1 
205.653538 28.366683 0.75 1 
205.653344 28.367368 0.75 1 
205.653149 28.368052 0.75 1 
205.652955 28.368737 0.75 1 
205.652760 28.369424 0.75 1 
205.652566 28.370109 0.75 1 
205.652372 28.370793 0.75 1 
205.652178 28.371478 0.75 1 
205.655100 28.358655 0.75 1 
205.654906 28.359340 0.75 1 
205.654712 28.360024 0.75 1 
205.654517 28.360711 0.75 1 
205.654323 28.361396 0.75 1 
205.654128 28.362080 0.75 1 
205.653934 28.362765 0.75 1 
205.653739 28.363452 0.75 1 
205.653545 28.364137 0.75 1 
205.653351 28.364821 0.75 1 
205.653156 28.365506 0.75 1 
205.652962 28.366190 0.75 1 
205.652767 28.366878 0.75 1 
205.652573 28.367562 0.75 1 
205.652379 28.368247 0.75 1 
205.652185 28.368931 0.75 1 
205.651990 28.369618 0.75 1 
205.651795 28.370303 0.75 1 
205.651601 28.370987 0.75 1 
205.654521 28.358164 0.75 1 
205.654326 28.358849 0.75 1 
205.654132 28.359533 0.75 1 
205.653938 28.360218 0.75 1 
205.653743 28.360905 0.75 1 
205.653549 28.361589 0.75 1 
205.653355 28.362274 0.75 1 
205.653160 28.362959 0.75 1 
205.652965 28.363646 0.75 1 
205.652771 28.364330 0.75 1 
205.652577 28.365015 0.75 1 
205.652383 28.365699 0.75 1 
205.652188 28.366387 0.75 1 
205.651994 28.367071 0.75 1 
205.651799 28.367756 0.75 1 
205.651605 28.368440 0.75 1 
205.651410 28.369127 0.75 1 
205.651216 28.369812 0.75 1 
205.651022 28.370496 0.75 1 
205.650828 28.371181 0.75 1 
205.653750 28.358358 0.75 1 
205.653556 28.359043 0.75 1 
205.653362 28.359727 0.75 1 
205.653167 28.360415 0.75 1 
205.652972 28.361099 0.75 1 
205.652778 28.361784 0.75 1 
205.652584 28.362468 0.75 1 
205.652389 28.363155 0.75 1 
205.652195 28.363840 0.75 1 
205.652001 28.364524 0.75 1 
205.651806 28.365209 0.75 1 
205.651612 28.365893 0.75 1 
205.651417 28.366581 0.75 1 
205.651223 28.367265 0.75 1 
205.651029 28.367950 0.75 1 
205.650835 28.368634 0.75 1 
205.650640 28.369322 0.75 1 
205.650445 28.370006 0.75 1 
205.650251 28.370691 0.75 1 
205.653174 28.357868 0.75 1 
205.652979 28.358552 0.75 1 
205.652785 28.359237 0.75 1 
205.652591 28.359922 0.75 1 
205.652396 28.360609 0.75 1 
205.652202 28.361293 0.75 1 
205.652008 28.361978 0.75 1 
205.651813 28.362662 0.75 1 
205.651618 28.363350 0.75 1 
205.651424 28.364034 0.75 1 
205.651230 28.364719 0.75 1 
205.651036 28.365403 0.75 1 
205.650841 28.366090 0.75 1 
205.650647 28.366775 0.75 1 
205.650452 28.367459 0.75 1 
205.650258 28.368144 0.75 1 
205.650063 28.368831 0.75 1 
205.649869 28.369516 0.75 1 
205.649675 28.370200 0.75 1 
205.649480 28.370885 0.75 1 
205.652400 28.358061 0.75 1 
205.652206 28.358746 0.75 1 
205.652012 28.359431 0.75 1 
205.651817 28.360118 0.75 1 
205.651622 28.360802 0.75 1 
205.651428 28.361487 0.75 1 
205.651234 28.362171 0.75 1 
205.651039 28.362859 0.75 1 
205.650845 28.363543 0.75 1 
205.650651 28.364228 0.75 1 
205.650456 28.364912 0.75 1 
205.650262 28.365597 0.75 1 
205.650067 28.366284 0.75 1 
205.649873 28.366968 0.75 1 
205.649679 28.367653 0.75 1 
205.649484 28.368337 0.75 1 
205.649289 28.369025 0.75 1 
205.649095 28.369709 0.75 1 
205.648901 28.370394 0.75 1 
205.651824 28.357571 0.75 1 
205.651629 28.358256 0.75 1 
205.651435 28.358940 0.75 1 
205.651241 28.359625 0.75 1 
205.651046 28.360312 0.75 1 
205.650852 28.360996 0.75 1 
205.650658 28.361681 0.75 1 
205.650463 28.362365 0.75 1 
205.650268 28.363053 0.75 1 
205.650074 28.363737 0.75 1 
205.649880 28.364422 0.75 1 
205.649686 28.365106 0.75 1 
205.649491 28.365794 0.75 1 
205.649296 28.366478 0.75 1 
205.649102 28.367163 0.75 1 
205.648908 28.367847 0.75 1 
205.648713 28.368534 0.75 1 
205.648519 28.369219 0.75 1 
205.648325 28.369903 0.75 1 
205.648130 28.370588 0.75 1 
205.651053 28.357765 0.75 1 
205.650859 28.358450 0.75 1 
205.650665 28.359134 0.75 1 
205.650470 28.359822 0.75 1 
205.650275 28.360506 0.75 1 
205.650081 28.361191 0.75 1 
205.649887 28.361875 0.75 1 
205.649692 28.362562 0.75 1 
205.649498 28.363247 0.75 1 
205.649303 28.363931 0.75 1 
205.649109 28.364616 0.75 1 
205.648915 28.365300 0.75 1 
205.648720 28.365988 0.75 1 
205.648526 28.366672 0.75 1 
205.648332 28.367357 0.75 1 
205.648137 28.368041 0.75 1 
205.647942 28.368729 0.75 1 
205.647748 28.369413 0.75 1 
205.647554 28.370098 0.75 1 
205.650473 28.357274 0.75 1 
205.650279 28.357959 0.75 1 
205.650085 28.358643 0.75 1 
205.649891 28.359328 0.75 1 
205.649696 28.360015 0.75 1 
205.649502 28.360700 0.75 1 
205.649307 28.361384 0.75 1 
205.649113 28.362069 0.75 1 
205.648918 28.362756 0.75 1 
205.648724 28.363440 0.75 1 
205.648530 28.364125 0.75 1 
205.648336 28.364809 0.75 1 
205.648141 28.365497 0.75 1 
205.647946 28.366181 0.75 1 
205.647752 28.366866 0.75 1 
205.647558 28.367550 0.75 1 
205.647363 28.368237 0.75 1 
205.647169 28.368922 0.75 1 
205.646975 28.369607 0.75 1 
205.646780 28.370291 0.75 1 
205.649703 28.357468 0.75 1 
205.649509 28.358153 0.75 1 
205.649314 28.358837 0.75 1 
205.649119 28.359525 0.75 1 
205.648925 28.360209 0.75 1 
205.648731 28.360894 0.75 1 
205.648537 28.361578 0.75 1 
205.648342 28.362266 0.75 1 
205.648148 28.362950 0.75 1 
205.647953 28.363635 0.75 1 
205.647759 28.364319 0.75 1 
205.647565 28.365004 0.75 1 
205.647370 28.365691 0.75 1 
205.647176 28.366375 0.75 1 
205.646982 28.367060 0.75 1 
205.646787 28.367744 0.75 1 
205.646592 28.368432 0.75 1 
205.646398 28.369116 0.75 1 
205.646204 28.369801 0.75 1 
205.649126 28.356978 0.75 1 
205.648932 28.357663 0.75 1 
205.648738 28.358347 0.75 1 
205.648544 28.359032 0.75 1 
205.648349 28.359719 0.75 1 
205.648155 28.360403 0.75 1 
205.647960 28.361088 0.75 1 
205.647766 28.361772 0.75 1 
205.647571 28.362460 0.75 1 
205.647377 28.363144 0.75 1 
205.647183 28.363829 0.75 1 
205.646989 28.364513 0.75 1 
205.646794 28.365201 0.75 1 
205.646599 28.365885 0.75 1 
205.646405 28.366570 0.75 1 
205.646211 28.367254 0.75 1 
205.646016 28.367941 0.75 1 
205.645822 28.368626 0.75 1 
205.645627 28.369310 0.75 1 
205.645433 28.369995 0.75 1 
205.648353 28.357172 0.75 1 
205.648159 28.357856 0.75 1 
205.647964 28.358541 0.75 1 
205.647769 28.359228 0.75 1 
205.647575 28.359912 0.75 1 
205.647381 28.360597 0.75 1 
205.647187 28.361281 0.75 1 
205.646992 28.361969 0.75 1 
205.646798 28.362653 0.75 1 
205.646603 28.363338 0.75 1 
205.646409 28.364022 0.75 1 
205.646215 28.364707 0.75 1 
205.646020 28.365394 0.75 1 
205.645826 28.366079 0.75 1 
205.645631 28.366763 0.75 1 
205.645437 28.367448 0.75 1 
205.645242 28.368135 0.75 1 
205.645048 28.368819 0.75 1 
205.644854 28.369504 0.75 1 
205.663195 28.360435 0.75 1 
205.663000 28.361119 0.75 1 
205.662806 28.361804 0.75 1 
205.662611 28.362491 0.75 1 
205.662417 28.363176 0.75 1 
205.662223 28.363860 0.75 1 
205.662029 28.364545 0.75 1 
205.661834 28.365232 0.75 1 
205.661639 28.365916 0.75 1 
205.661445 28.366601 0.75 1 
205.661251 28.367286 0.75 1 
205.661057 28.367970 0.75 1 
205.660862 28.368657 0.75 1 
205.660667 28.369342 0.75 1 
205.660473 28.370026 0.75 1 
205.660279 28.370711 0.75 1 
205.660084 28.371398 0.75 1 
205.659890 28.372083 0.75 1 
205.659696 28.372767 0.75 1 
205.662615 28.359944 0.75 1 
205.662421 28.360628 0.75 1 
205.662227 28.361313 0.75 1 
205.662033 28.361997 0.75 1 
205.661838 28.362685 0.75 1 
205.661643 28.363369 0.75 1 
205.661449 28.364054 0.75 1 
205.661255 28.364738 0.75 1 
205.661060 28.365425 0.75 1 
205.660866 28.366110 0.75 1 
205.660671 28.366794 0.75 1 
205.660477 28.367479 0.75 1 
205.660282 28.368166 0.75 1 
205.660088 28.368851 0.75 1 
205.659894 28.369535 0.75 1 
205.659700 28.370220 0.75 1 
205.659505 28.370907 0.75 1 
205.659310 28.371592 0.75 1 
205.659116 28.372276 0.75 1 
205.658922 28.372961 0.75 1 
205.661845 28.360138 0.75 1 
205.661650 28.360823 0.75 1 
205.661456 28.361507 0.75 1 
205.661261 28.362194 0.75 1 
205.661067 28.362879 0.75 1 
205.660873 28.363563 0.75 1 
205.660678 28.364248 0.75 1 
205.660483 28.364935 0.75 1 
205.660289 28.365620 0.75 1 
205.660095 28.366304 0.75 1 
205.659901 28.366989 0.75 1 
205.659707 28.367673 0.75 1 
205.659512 28.368360 0.75 1 
205.659317 28.369045 0.75 1 
205.659123 28.369729 0.75 1 
205.658929 28.370414 0.75 1 
205.658734 28.371101 0.75 1 
205.658540 28.371786 0.75 1 
205.658346 28.372470 0.75 1 
205.661268 28.359648 0.75 1 
205.661074 28.360332 0.75 1 
205.660880 28.361017 0.75 1 
205.660685 28.361701 0.75 1 
205.660490 28.362388 0.75 1 
205.660296 28.363073 0.75 1 
205.660102 28.363758 0.75 1 
205.659908 28.364442 0.75 1 
205.659713 28.365129 0.75 1 
205.659519 28.365814 0.75 1 
205.659324 28.366498 0.75 1 
205.659130 28.367183 0.75 1 
205.658935 28.367870 0.75 1 
205.658741 28.368555 0.75 1 
205.658547 28.369239 0.75 1 
205.658353 28.369924 0.75 1 
205.658158 28.370611 0.75 1 
205.657963 28.371295 0.75 1 
205.657769 28.371980 0.75 1 
205.657575 28.372664 0.75 1 
205.660494 28.359841 0.75 1 
205.660300 28.360526 0.75 1 
205.660106 28.361210 0.75 1 
205.659911 28.361897 0.75 1 
205.659717 28.362582 0.75 1 
205.659523 28.363266 0.75 1 
205.659328 28.363951 0.75 1 
205.659133 28.364638 0.75 1 
205.658939 28.365323 0.75 1 
205.658745 28.366007 0.75 1 
205.658551 28.366692 0.75 1 
205.658357 28.367376 0.75 1 
205.658162 28.368064 0.75 1 
205.657967 28.368748 0.75 1 
205.657773 28.369433 0.75 1 
205.657579 28.370117 0.75 1 
205.657384 28.370804 0.75 1 
205.657190 28.371489 0.75 1 
205.656995 28.372173 0.75 1 
205.659918 28.359351 0.75 1 
205.659724 28.360035 0.75 1 
205.659530 28.360720 0.75 1 
205.659335 28.361404 0.75 1 
205.659140 28.362092 0.75 1 
205.658946 28.362776 0.75 1 
205.658752 28.363461 0.75 1 
205.658558 28.364145 0.75 1 
205.658363 28.364832 0.75 1 
205.658169 28.365517 0.75 1 
205.657974 28.366201 0.75 1 
205.657780 28.366886 0.75 1 
205.657585 28.367573 0.75 1 
205.657391 28.368258 0.75 1 
205.657197 28.368942 0.75 1 
205.657002 28.369627 0.75 1 
205.656807 28.370314 0.75 1 
205.656613 28.370999 0.75 1 
205.656419 28.371683 0.75 1 
205.656225 28.372368 0.75 1 
205.659147 28.359545 0.75 1 
205.658953 28.360230 0.75 1 
205.658759 28.360914 0.75 1 
205.658564 28.361601 0.75 1 
205.658370 28.362286 0.75 1 
205.658176 28.362970 0.75 1 
205.657981 28.363655 0.75 1 
205.657786 28.364342 0.75 1 
205.657592 28.365027 0.75 1 
205.657398 28.365711 0.75 1 
205.657204 28.366396 0.75 1 
205.657009 28.367080 0.75 1 
205.656814 28.367767 0.75 1 
205.656620 28.368452 0.75 1 
205.656426 28.369136 0.75 1 
205.656232 28.369821 0.75 1 
205.656037 28.370508 0.75 1 
205.655843 28.371193 0.75 1 
205.655648 28.371877 0.75 1 
205.658568 28.359054 0.75 1 
205.658374 28.359739 0.75 1 
205.658180 28.360423 0.75 1 
205.657985 28.361108 0.75 1 
205.657790 28.361795 0.75 1 
205.657596 28.362479 0.75 1 
205.657402 28.363164 0.75 1 
205.657208 28.363848 0.75 1 
205.657013 28.364536 0.75 1 
205.656818 28.365220 0.75 1 
205.656624 28.365905 0.75 1 
205.656430 28.366589 0.75 1 
205.656235 28.367276 0.75 1 
205.656041 28.367961 0.75 1 
205.655847 28.368645 0.75 1 
205.655652 28.369330 0.75 1 
205.655457 28.370017 0.75 1 
205.655263 28.370702 0.75 1 
205.655069 28.371386 0.75 1 
205.654875 28.372071 0.75 1 
205.657797 28.359248 0.75 1 
205.657603 28.359933 0.75 1 
205.657409 28.360617 0.75 1 
205.657214 28.361304 0.75 1 
205.657020 28.361989 0.75 1 
205.656825 28.362673 0.75 1 
205.656631 28.363358 0.75 1 
205.656436 28.364045 0.75 1 
205.656242 28.364730 0.75 1 
205.656048 28.365414 0.75 1 
205.655854 28.366099 0.75 1 
205.655659 28.366783 0.75 1 
205.655464 28.367471 0.75 1 
205.655270 28.368155 0.75 1 
205.655076 28.368840 0.75 1 
205.654882 28.369524 0.75 1 
205.654687 28.370211 0.75 1 
205.654493 28.370896 0.75 1 
205.654298 28.371580 0.75 1 
205.657221 28.358758 0.75 1 
205.657027 28.359442 0.75 1 
205.656832 28.360127 0.75 1 
205.656638 28.360811 0.75 1 
205.656443 28.361499 0.75 1 
205.656249 28.362183 0.75 1 
205.656055 28.362868 0.75 1 
205.655861 28.363552 0.75 1 
205.655666 28.364239 0.75 1 
205.655471 28.364924 0.75 1 
205.655277 28.365608 0.75 1 
205.655083 28.366293 0.75 1 
205.654888 28.366980 0.75 1 
205.654694 28.367665 0.75 1 
205.654500 28.368349 0.75 1 
205.654305 28.369034 0.75 1 
205.654110 28.369721 0.75 1 
205.653916 28.370406 0.75 1 
205.653722 28.371090 0.75 1 
205.653528 28.371775 0.75 1 
205.656447 28.358951 0.75 1 
205.656253 28.359636 0.75 1 
205.656059 28.360320 0.75 1 
205.655864 28.361008 0.75 1 
205.655670 28.361692 0.75 1 
205.655475 28.362377 0.75 1 
205.655281 28.363061 0.75 1 
205.655086 28.363748 0.75 1 
205.654892 28.364433 0.75 1 
205.654698 28.365117 0.75 1 
205.654504 28.365802 0.75 1 
205.654309 28.366487 0.75 1 
205.654114 28.367174 0.75 1 
205.653920 28.367858 0.75 1 
205.653726 28.368543 0.75 1 
205.653532 28.369227 0.75 1 
205.653337 28.369915 0.75 1 
205.653142 28.370599 0.75 1 
205.652948 28.371284 0.75 1 
205.655871 28.358461 0.75 1 
205.655677 28.359145 0.75 1 
205.655482 28.359830 0.75 1 
205.655288 28.360515 0.75 1 
205.655093 28.361202 0.75 1 
205.654899 28.361886 0.75 1 
205.654705 28.362571 0.75 1 
205.654511 28.363255 0.75 1 
205.654316 28.363943 0.75 1 
205.654121 28.364627 0.75 1 
