205.600374 28.439430 0.75 1 
205.600179 28.440115 0.75 1 
205.599984 28.440802 0.75 1 
205.599790 28.441486 0.75 1 
205.599596 28.442171 0.75 1 
205.599402 28.442856 0.75 1 
205.599207 28.443543 0.75 1 
205.599013 28.444227 0.75 1 
205.598818 28.444912 0.75 1 
205.598624 28.445596 0.75 1 
205.601547 28.432774 0.75 1 
205.601352 28.433458 0.75 1 
205.601158 28.434143 0.75 1 
205.600963 28.434830 0.75 1 
205.600769 28.435515 0.75 1 
205.600575 28.436199 0.75 1 
205.600381 28.436884 0.75 1 
205.600186 28.437571 0.75 1 
205.599991 28.438255 0.75 1 
205.599797 28.438940 0.75 1 
205.599603 28.439624 0.75 1 
205.599409 28.440309 0.75 1 
205.599214 28.440996 0.75 1 
205.599020 28.441681 0.75 1 
205.598825 28.442365 0.75 1 
205.598631 28.443050 0.75 1 
205.598436 28.443737 0.75 1 
205.598242 28.444421 0.75 1 
205.598048 28.445106 0.75 1 
205.600967 28.432283 0.75 1 
205.600773 28.432967 0.75 1 
205.600579 28.433652 0.75 1 
205.600385 28.434336 0.75 1 
205.600190 28.435023 0.75 1 
205.599995 28.435708 0.75 1 
205.599801 28.436393 0.75 1 
205.599607 28.437077 0.75 1 
205.599412 28.437764 0.75 1 
205.599218 28.438449 0.75 1 
205.599023 28.439133 0.75 1 
205.598829 28.439818 0.75 1 
205.598634 28.440505 0.75 1 
205.598440 28.441190 0.75 1 
205.598246 28.441874 0.75 1 
205.598052 28.442559 0.75 1 
205.597857 28.443246 0.75 1 
205.597662 28.443930 0.75 1 
205.597468 28.444615 0.75 1 
205.597274 28.445299 0.75 1 
205.600197 28.432477 0.75 1 
205.600002 28.433161 0.75 1 
205.599808 28.433846 0.75 1 
205.599613 28.434533 0.75 1 
205.599419 28.435218 0.75 1 
205.599225 28.435902 0.75 1 
205.599030 28.436587 0.75 1 
205.598836 28.437274 0.75 1 
205.598641 28.437958 0.75 1 
205.598447 28.438643 0.75 1 
205.598253 28.439328 0.75 1 
205.598059 28.440012 0.75 1 
205.597864 28.440699 0.75 1 
205.597669 28.441384 0.75 1 
205.597475 28.442068 0.75 1 
205.597281 28.442753 0.75 1 
205.597086 28.443440 0.75 1 
205.596892 28.444125 0.75 1 
205.596698 28.444809 0.75 1 
205.599620 28.431987 0.75 1 
205.599426 28.432671 0.75 1 
205.599232 28.433356 0.75 1 
205.599037 28.434040 0.75 1 
205.598843 28.434727 0.75 1 
205.598648 28.435412 0.75 1 
205.598454 28.436096 0.75 1 
205.598260 28.436781 0.75 1 
205.598065 28.437468 0.75 1 
205.597871 28.438153 0.75 1 
205.597676 28.438837 0.75 1 
205.597482 28.439522 0.75 1 
205.597287 28.440209 0.75 1 
205.597093 28.440893 0.75 1 
205.596899 28.441578 0.75 1 
205.596705 28.442263 0.75 1 
205.596510 28.442950 0.75 1 
205.596315 28.443634 0.75 1 
205.596121 28.444319 0.75 1 
205.595927 28.445003 0.75 1 
205.598846 28.432180 0.75 1 
205.598652 28.432865 0.75 1 
205.598458 28.433549 0.75 1 
205.598263 28.434236 0.75 1 
205.598069 28.434921 0.75 1 
205.597875 28.435605 0.75 1 
205.597680 28.436290 0.75 1 
205.597485 28.436977 0.75 1 
205.597291 28.437662 0.75 1 
205.597097 28.438346 0.75 1 
205.596903 28.439031 0.75 1 
205.596709 28.439715 0.75 1 
205.596514 28.440402 0.75 1 
205.596319 28.441087 0.75 1 
205.596125 28.441771 0.75 1 
205.595931 28.442456 0.75 1 
205.595736 28.443143 0.75 1 
205.595542 28.443828 0.75 1 
205.595347 28.444512 0.75 1 
205.598270 28.431690 0.75 1 
205.598076 28.432374 0.75 1 
205.597882 28.433059 0.75 1 
205.597687 28.433743 0.75 1 
205.597492 28.434430 0.75 1 
205.597298 28.435115 0.75 1 
205.597104 28.435800 0.75 1 
205.596910 28.436484 0.75 1 
205.596715 28.437171 0.75 1 
205.596521 28.437856 0.75 1 
205.596326 28.438540 0.75 1 
205.596132 28.439225 0.75 1 
205.595937 28.439912 0.75 1 
205.595743 28.440597 0.75 1 
205.595549 28.441281 0.75 1 
205.595354 28.441966 0.75 1 
205.595160 28.442653 0.75 1 
205.594965 28.443337 0.75 1 
205.594771 28.444022 0.75 1 
205.594577 28.444706 0.75 1 
205.597499 28.431884 0.75 1 
205.597305 28.432568 0.75 1 
205.597111 28.433253 0.75 1 
205.596916 28.433940 0.75 1 
205.596722 28.434625 0.75 1 
205.596528 28.435309 0.75 1 
205.596333 28.435994 0.75 1 
205.596138 28.436681 0.75 1 
205.595944 28.437365 0.75 1 
205.595750 28.438050 0.75 1 
205.595556 28.438735 0.75 1 
205.595362 28.439419 0.75 1 
205.595167 28.440106 0.75 1 
205.594972 28.440791 0.75 1 
205.594778 28.441475 0.75 1 
205.594584 28.442160 0.75 1 
205.594389 28.442847 0.75 1 
205.594195 28.443532 0.75 1 
205.594000 28.444216 0.75 1 
205.596920 28.431393 0.75 1 
205.596726 28.432077 0.75 1 
205.596532 28.432762 0.75 1 
205.596337 28.433446 0.75 1 
205.596142 28.434134 0.75 1 
205.595948 28.434818 0.75 1 
205.595754 28.435503 0.75 1 
205.595560 28.436187 0.75 1 
205.595365 28.436874 0.75 1 
205.595170 28.437559 0.75 1 
205.594976 28.438243 0.75 1 
205.594782 28.438928 0.75 1 
205.594587 28.439615 0.75 1 
205.594393 28.440300 0.75 1 
205.594199 28.440984 0.75 1 
205.594004 28.441669 0.75 1 
205.593809 28.442356 0.75 1 
205.593615 28.443041 0.75 1 
205.593421 28.443725 0.75 1 
205.593227 28.444410 0.75 1 
205.596149 28.431587 0.75 1 
205.595955 28.432272 0.75 1 
205.595761 28.432956 0.75 1 
205.595566 28.433643 0.75 1 
205.595372 28.434328 0.75 1 
205.595177 28.435012 0.75 1 
205.594983 28.435697 0.75 1 
205.594788 28.436384 0.75 1 
205.594594 28.437069 0.75 1 
205.594400 28.437753 0.75 1 
205.594206 28.438438 0.75 1 
205.594011 28.439122 0.75 1 
205.593816 28.439809 0.75 1 
205.593622 28.440494 0.75 1 
205.593428 28.441178 0.75 1 
205.593234 28.441863 0.75 1 
205.593039 28.442550 0.75 1 
205.592845 28.443235 0.75 1 
205.592650 28.443919 0.75 1 
205.595573 28.431097 0.75 1 
205.595379 28.431781 0.75 1 
205.595184 28.432466 0.75 1 
205.594990 28.433150 0.75 1 
205.594795 28.433837 0.75 1 
205.594601 28.434522 0.75 1 
205.594407 28.435207 0.75 1 
205.594213 28.435891 0.75 1 
205.594018 28.436578 0.75 1 
205.593823 28.437263 0.75 1 
205.593629 28.437947 0.75 1 
205.593435 28.438632 0.75 1 
205.593240 28.439319 0.75 1 
205.593046 28.440004 0.75 1 
205.592852 28.440688 0.75 1 
205.592657 28.441373 0.75 1 
205.592462 28.442060 0.75 1 
205.592268 28.442744 0.75 1 
205.592074 28.443429 0.75 1 
205.591880 28.444113 0.75 1 
205.594799 28.431290 0.75 1 
205.594605 28.431975 0.75 1 
205.594411 28.432659 0.75 1 
205.594216 28.433346 0.75 1 
205.594022 28.434031 0.75 1 
205.593827 28.434715 0.75 1 
205.593633 28.435400 0.75 1 
205.593438 28.436087 0.75 1 
205.593244 28.436772 0.75 1 
205.593050 28.437456 0.75 1 
205.592856 28.438141 0.75 1 
205.592661 28.438825 0.75 1 
205.592466 28.439513 0.75 1 
205.592272 28.440197 0.75 1 
205.592078 28.440882 0.75 1 
205.591884 28.441566 0.75 1 
205.591689 28.442253 0.75 1 
205.591494 28.442938 0.75 1 
205.591300 28.443622 0.75 1 
