205.624622 28.380196 0.75 1 
205.623844 28.380025 0.75 1 
205.623066 28.379854 0.75 1 
205.622286 28.379682 0.75 1 
205.621508 28.379511 0.75 1 
205.620730 28.379340 0.75 1 
205.619953 28.379169 0.75 1 
205.619172 28.378997 0.75 1 
205.618395 28.378826 0.75 1 
205.617617 28.378655 0.75 1 
205.616839 28.378485 0.75 1 
205.616062 28.378314 0.75 1 
205.615281 28.378142 0.75 1 
205.614503 28.377971 0.75 1 
205.613726 28.377800 0.75 1 
205.612948 28.377629 0.75 1 
205.612168 28.377457 0.75 1 
205.611390 28.377286 0.75 1 
205.610612 28.377115 0.75 1 
205.624841 28.380877 0.75 1 
205.624064 28.380706 0.75 1 
205.623286 28.380535 0.75 1 
205.622509 28.380364 0.75 1 
205.621728 28.380192 0.75 1 
205.620950 28.380021 0.75 1 
205.620173 28.379850 0.75 1 
205.619395 28.379679 0.75 1 
205.618614 28.379508 0.75 1 
205.617837 28.379337 0.75 1 
205.617059 28.379166 0.75 1 
205.616282 28.378995 0.75 1 
205.615501 28.378823 0.75 1 
205.614723 28.378652 0.75 1 
205.613946 28.378481 0.75 1 
205.613168 28.378310 0.75 1 
205.612387 28.378138 0.75 1 
205.611610 28.377967 0.75 1 
205.610832 28.377796 0.75 1 
205.610055 28.377625 0.75 1 
205.624284 28.381384 0.75 1 
205.623507 28.381213 0.75 1 
205.622729 28.381042 0.75 1 
205.621948 28.380870 0.75 1 
205.621171 28.380699 0.75 1 
205.620393 28.380529 0.75 1 
205.619616 28.380358 0.75 1 
205.618835 28.380186 0.75 1 
205.618057 28.380015 0.75 1 
205.617280 28.379844 0.75 1 
205.616502 28.379673 0.75 1 
205.615725 28.379502 0.75 1 
205.614944 28.379330 0.75 1 
205.614166 28.379159 0.75 1 
205.613389 28.378988 0.75 1 
205.612611 28.378817 0.75 1 
205.611830 28.378646 0.75 1 
205.611053 28.378475 0.75 1 
205.610275 28.378304 0.75 1 
205.624505 28.382062 0.75 1 
205.623727 28.381891 0.75 1 
205.622950 28.381720 0.75 1 
205.622172 28.381550 0.75 1 
205.621391 28.381378 0.75 1 
205.620614 28.381207 0.75 1 
205.619836 28.381036 0.75 1 
205.619059 28.380865 0.75 1 
205.618278 28.380693 0.75 1 
205.617500 28.380522 0.75 1 
205.616723 28.380351 0.75 1 
205.615945 28.380180 0.75 1 
205.615164 28.380009 0.75 1 
205.614387 28.379838 0.75 1 
205.613609 28.379667 0.75 1 
205.612832 28.379496 0.75 1 
205.612051 28.379324 0.75 1 
205.611273 28.379153 0.75 1 
205.610496 28.378982 0.75 1 
205.609718 28.378811 0.75 1 
205.623947 28.382573 0.75 1 
205.623169 28.382402 0.75 1 
205.622392 28.382231 0.75 1 
205.621611 28.382059 0.75 1 
205.620834 28.381888 0.75 1 
205.620056 28.381717 0.75 1 
205.619278 28.381546 0.75 1 
205.618498 28.381374 0.75 1 
205.617720 28.381203 0.75 1 
205.616943 28.381032 0.75 1 
205.616165 28.380861 0.75 1 
205.615387 28.380691 0.75 1 
205.614607 28.380519 0.75 1 
205.613829 28.380348 0.75 1 
205.613051 28.380177 0.75 1 
205.612274 28.380006 0.75 1 
205.611493 28.379834 0.75 1 
205.610716 28.379663 0.75 1 
205.609938 28.379492 0.75 1 
205.624168 28.383251 0.75 1 
205.623390 28.383080 0.75 1 
205.622612 28.382909 0.75 1 
205.621835 28.382738 0.75 1 
205.621054 28.382566 0.75 1 
205.620277 28.382395 0.75 1 
205.619499 28.382224 0.75 1 
205.618721 28.382053 0.75 1 
205.617941 28.381882 0.75 1 
205.617163 28.381711 0.75 1 
205.616385 28.381540 0.75 1 
205.615608 28.381369 0.75 1 
205.614827 28.381197 0.75 1 
205.614050 28.381026 0.75 1 
205.613272 28.380855 0.75 1 
205.612494 28.380684 0.75 1 
205.611714 28.380513 0.75 1 
205.610936 28.380342 0.75 1 
205.610159 28.380171 0.75 1 
205.609381 28.380000 0.75 1 
205.623611 28.383758 0.75 1 
205.622833 28.383587 0.75 1 
205.622055 28.383416 0.75 1 
205.621275 28.383245 0.75 1 
205.620497 28.383074 0.75 1 
205.619720 28.382903 0.75 1 
205.618942 28.382732 0.75 1 
205.618161 28.382560 0.75 1 
205.617384 28.382389 0.75 1 
205.616606 28.382218 0.75 1 
205.615828 28.382047 0.75 1 
205.615051 28.381876 0.75 1 
205.614270 28.381705 0.75 1 
205.613493 28.381534 0.75 1 
205.612715 28.381363 0.75 1 
205.611937 28.381192 0.75 1 
205.611157 28.381020 0.75 1 
205.610379 28.380849 0.75 1 
205.609602 28.380678 0.75 1 
205.623830 28.384439 0.75 1 
205.623053 28.384268 0.75 1 
205.622275 28.384097 0.75 1 
205.621498 28.383926 0.75 1 
205.620717 28.383755 0.75 1 
205.619939 28.383584 0.75 1 
205.619162 28.383413 0.75 1 
205.618384 28.383242 0.75 1 
205.617604 28.383070 0.75 1 
205.616826 28.382899 0.75 1 
205.616048 28.382728 0.75 1 
205.615271 28.382557 0.75 1 
205.614490 28.382386 0.75 1 
205.613712 28.382215 0.75 1 
205.612935 28.382044 0.75 1 
205.612157 28.381873 0.75 1 
205.611377 28.381701 0.75 1 
205.610599 28.381530 0.75 1 
205.609821 28.381359 0.75 1 
205.609044 28.381188 0.75 1 
205.623273 28.384947 0.75 1 
205.622496 28.384776 0.75 1 
205.621718 28.384605 0.75 1 
205.620938 28.384433 0.75 1 
205.620160 28.384262 0.75 1 
205.619382 28.384091 0.75 1 
205.618605 28.383920 0.75 1 
205.617824 28.383749 0.75 1 
205.617046 28.383578 0.75 1 
205.616269 28.383407 0.75 1 
205.615491 28.383236 0.75 1 
205.614714 28.383065 0.75 1 
205.613933 28.382893 0.75 1 
205.613155 28.382722 0.75 1 
205.612378 28.382551 0.75 1 
205.611600 28.382380 0.75 1 
205.610820 28.382209 0.75 1 
205.610042 28.382038 0.75 1 
205.609264 28.381867 0.75 1 
205.623494 28.385625 0.75 1 
205.622716 28.385454 0.75 1 
205.621939 28.385283 0.75 1 
205.621161 28.385112 0.75 1 
205.620381 28.384941 0.75 1 
205.619603 28.384770 0.75 1 
205.618825 28.384599 0.75 1 
205.618048 28.384428 0.75 1 
205.617267 28.384256 0.75 1 
205.616489 28.384085 0.75 1 
205.615712 28.383914 0.75 1 
205.614934 28.383743 0.75 1 
205.614154 28.383572 0.75 1 
205.613376 28.383401 0.75 1 
205.612598 28.383230 0.75 1 
205.611821 28.383059 0.75 1 
205.611040 28.382887 0.75 1 
205.610262 28.382716 0.75 1 
205.609485 28.382545 0.75 1 
205.608707 28.382374 0.75 1 
205.622936 28.386135 0.75 1 
205.622159 28.385964 0.75 1 
205.621381 28.385793 0.75 1 
205.620600 28.385622 0.75 1 
205.619823 28.385451 0.75 1 
205.619045 28.385280 0.75 1 
205.618268 28.385109 0.75 1 
205.617487 28.384937 0.75 1 
205.616709 28.384766 0.75 1 
205.615932 28.384595 0.75 1 
205.615154 28.384424 0.75 1 
205.614376 28.384253 0.75 1 
205.613596 28.384082 0.75 1 
205.612818 28.383911 0.75 1 
205.612041 28.383740 0.75 1 
205.611263 28.383569 0.75 1 
205.610482 28.383397 0.75 1 
205.609705 28.383226 0.75 1 
205.608927 28.383055 0.75 1 
205.623157 28.386814 0.75 1 
205.622379 28.386643 0.75 1 
205.621602 28.386472 0.75 1 
205.620824 28.386301 0.75 1 
205.620043 28.386129 0.75 1 
205.619266 28.385958 0.75 1 
205.618488 28.385787 0.75 1 
205.617711 28.385616 0.75 1 
205.616930 28.385445 0.75 1 
205.616152 28.385274 0.75 1 
205.615375 28.385103 0.75 1 
205.614597 28.384932 0.75 1 
205.613816 28.384760 0.75 1 
205.613039 28.384589 0.75 1 
205.612261 28.384418 0.75 1 
205.611484 28.384247 0.75 1 
205.610703 28.384075 0.75 1 
205.609925 28.383905 0.75 1 
205.609148 28.383734 0.75 1 
205.608370 28.383563 0.75 1 
205.622600 28.387321 0.75 1 
205.621822 28.387150 0.75 1 
205.621045 28.386979 0.75 1 
205.620264 28.386808 0.75 1 
205.619486 28.386637 0.75 1 
205.618709 28.386466 0.75 1 
205.617931 28.386295 0.75 1 
205.617150 28.386123 0.75 1 
205.616373 28.385952 0.75 1 
205.615595 28.385781 0.75 1 
205.614818 28.385610 0.75 1 
205.614040 28.385439 0.75 1 
205.613259 28.385267 0.75 1 
205.612482 28.385096 0.75 1 
205.611704 28.384925 0.75 1 
205.610927 28.384755 0.75 1 
205.610146 28.384583 0.75 1 
205.609368 28.384412 0.75 1 
205.608591 28.384241 0.75 1 
205.622820 28.388002 0.75 1 
205.622042 28.387831 0.75 1 
205.621264 28.387660 0.75 1 
205.620487 28.387489 0.75 1 
205.619706 28.387318 0.75 1 
205.618929 28.387147 0.75 1 
205.618151 28.386976 0.75 1 
205.617373 28.386805 0.75 1 
205.616593 28.386633 0.75 1 
205.615815 28.386462 0.75 1 
205.615037 28.386291 0.75 1 
205.614260 28.386120 0.75 1 
205.613479 28.385949 0.75 1 
205.612702 28.385778 0.75 1 
205.611924 28.385607 0.75 1 
205.611146 28.385436 0.75 1 
205.610366 28.385264 0.75 1 
205.609588 28.385093 0.75 1 
205.608810 28.384922 0.75 1 
205.608033 28.384751 0.75 1 
205.622263 28.388510 0.75 1 
205.621485 28.388339 0.75 1 
205.620707 28.388168 0.75 1 
205.619927 28.387996 0.75 1 
205.619149 28.387825 0.75 1 
205.618372 28.387654 0.75 1 
205.617594 28.387483 0.75 1 
205.616813 28.387311 0.75 1 
205.616036 28.387140 0.75 1 
205.615258 28.386970 0.75 1 
205.614480 28.386799 0.75 1 
205.613703 28.386628 0.75 1 
205.612922 28.386456 0.75 1 
205.612145 28.386285 0.75 1 
205.611367 28.386114 0.75 1 
205.610589 28.385943 0.75 1 
205.609809 28.385771 0.75 1 
205.609031 28.385600 0.75 1 
205.608253 28.385429 0.75 1 
205.622483 28.389188 0.75 1 
205.621706 28.389017 0.75 1 
205.620928 28.388846 0.75 1 
205.620150 28.388675 0.75 1 
205.619370 28.388503 0.75 1 
205.618592 28.388332 0.75 1 
205.617814 28.388161 0.75 1 
205.617037 28.387991 0.75 1 
205.616256 28.387819 0.75 1 
205.615479 28.387648 0.75 1 
205.614701 28.387477 0.75 1 
205.613923 28.387306 0.75 1 
205.613143 28.387134 0.75 1 
205.612365 28.386963 0.75 1 
205.611588 28.386792 0.75 1 
205.610810 28.386621 0.75 1 
205.610029 28.386450 0.75 1 
205.609252 28.386279 0.75 1 
205.608474 28.386108 0.75 1 
205.607696 28.385937 0.75 1 
205.621925 28.389698 0.75 1 
205.621148 28.389527 0.75 1 
205.620370 28.389356 0.75 1 
205.619590 28.389185 0.75 1 
205.618812 28.389014 0.75 1 
205.618034 28.388843 0.75 1 
205.617257 28.388672 0.75 1 
205.616476 28.388500 0.75 1 
205.615698 28.388329 0.75 1 
205.614921 28.388158 0.75 1 
205.614143 28.387987 0.75 1 
205.613366 28.387816 0.75 1 
205.612585 28.387644 0.75 1 
205.611807 28.387473 0.75 1 
205.611030 28.387302 0.75 1 
205.610252 28.387132 0.75 1 
205.609471 28.386960 0.75 1 
205.608694 28.386789 0.75 1 
205.607916 28.386618 0.75 1 
205.622146 28.390376 0.75 1 
205.621368 28.390206 0.75 1 
205.620591 28.390035 0.75 1 
205.619813 28.389864 0.75 1 
205.619032 28.389692 0.75 1 
205.618255 28.389521 0.75 1 
205.617477 28.389350 0.75 1 
205.616700 28.389179 0.75 1 
205.615919 28.389007 0.75 1 
205.615141 28.388836 0.75 1 
205.614364 28.388665 0.75 1 
205.613586 28.388494 0.75 1 
205.612806 28.388323 0.75 1 
205.612028 28.388152 0.75 1 
205.611250 28.387981 0.75 1 
205.610473 28.387810 0.75 1 
205.609692 28.387638 0.75 1 
205.608914 28.387467 0.75 1 
205.608137 28.387296 0.75 1 
205.607359 28.387125 0.75 1 
205.621589 28.390884 0.75 1 
205.620811 28.390713 0.75 1 
205.620034 28.390542 0.75 1 
205.619253 28.390370 0.75 1 
205.618475 28.390199 0.75 1 
205.617698 28.390028 0.75 1 
205.616920 28.389857 0.75 1 
205.616140 28.389686 0.75 1 
205.615362 28.389515 0.75 1 
205.614584 28.389344 0.75 1 
205.613807 28.389173 0.75 1 
205.613029 28.389002 0.75 1 
205.612249 28.388830 0.75 1 
205.611471 28.388659 0.75 1 
205.610693 28.388488 0.75 1 
205.609916 28.388317 0.75 1 
205.609135 28.388146 0.75 1 
205.608357 28.387975 0.75 1 
205.607580 28.387804 0.75 1 
205.621809 28.391565 0.75 1 
205.621031 28.391394 0.75 1 
205.620254 28.391223 0.75 1 
205.619476 28.391052 0.75 1 
205.618695 28.390880 0.75 1 
205.617918 28.390709 0.75 1 
205.617140 28.390538 0.75 1 
205.616362 28.390367 0.75 1 
205.615582 28.390196 0.75 1 
205.614804 28.390025 0.75 1 
205.614027 28.389854 0.75 1 
205.613249 28.389683 0.75 1 
205.612468 28.389511 0.75 1 
205.611691 28.389340 0.75 1 
205.610913 28.389169 0.75 1 
205.610136 28.388998 0.75 1 
205.609355 28.388827 0.75 1 
205.608577 28.388656 0.75 1 
205.607800 28.388485 0.75 1 
205.607022 28.388314 0.75 1 
205.621252 28.392072 0.75 1 
205.620474 28.391901 0.75 1 
205.619697 28.391730 0.75 1 
205.618916 28.391559 0.75 1 
205.618138 28.391388 0.75 1 
205.617361 28.391217 0.75 1 
205.616583 28.391046 0.75 1 
205.615802 28.390874 0.75 1 
205.615025 28.390703 0.75 1 
205.614247 28.390532 0.75 1 
205.613470 28.390361 0.75 1 
205.612692 28.390190 0.75 1 
205.611911 28.390019 0.75 1 
205.611134 28.389848 0.75 1 
205.610356 28.389677 0.75 1 
205.609578 28.389506 0.75 1 
205.608798 28.389334 0.75 1 
205.608020 28.389163 0.75 1 
205.607243 28.388992 0.75 1 
205.621472 28.392751 0.75 1 
205.620695 28.392580 0.75 1 
205.619917 28.392409 0.75 1 
205.619140 28.392238 0.75 1 
205.618359 28.392066 0.75 1 
205.617581 28.391895 0.75 1 
205.616804 28.391724 0.75 1 
205.616026 28.391553 0.75 1 
205.615245 28.391382 0.75 1 
205.614468 28.391211 0.75 1 
205.613690 28.391040 0.75 1 
205.612913 28.390869 0.75 1 
205.612132 28.390697 0.75 1 
205.611354 28.390526 0.75 1 
205.610577 28.390355 0.75 1 
205.609799 28.390184 0.75 1 
205.609018 28.390013 0.75 1 
205.608241 28.389842 0.75 1 
205.607463 28.389671 0.75 1 
205.606686 28.389500 0.75 1 
205.620915 28.393261 0.75 1 
205.620137 28.393090 0.75 1 
205.619359 28.392919 0.75 1 
205.618579 28.392747 0.75 1 
205.617801 28.392576 0.75 1 
205.617023 28.392405 0.75 1 
205.616246 28.392234 0.75 1 
205.615465 28.392063 0.75 1 
205.614688 28.391892 0.75 1 
205.613910 28.391721 0.75 1 
205.613132 28.391550 0.75 1 
205.612355 28.391379 0.75 1 
205.611574 28.391207 0.75 1 
205.610796 28.391036 0.75 1 
205.610019 28.390865 0.75 1 
205.609241 28.390694 0.75 1 
205.608461 28.390523 0.75 1 
205.607683 28.390352 0.75 1 
205.606905 28.390181 0.75 1 
