205.630988 28.446161 0.75 1 
205.630794 28.446846 0.75 1 
205.630599 28.447533 0.75 1 
205.630405 28.448218 0.75 1 
205.630210 28.448902 0.75 1 
205.630016 28.449587 0.75 1 
205.629821 28.450274 0.75 1 
205.629627 28.450958 0.75 1 
205.629433 28.451643 0.75 1 
205.629238 28.452327 0.75 1 
205.632161 28.439505 0.75 1 
205.631967 28.440189 0.75 1 
205.631773 28.440874 0.75 1 
205.631578 28.441561 0.75 1 
205.631383 28.442246 0.75 1 
205.631189 28.442930 0.75 1 
205.630995 28.443615 0.75 1 
205.630800 28.444302 0.75 1 
205.630606 28.444986 0.75 1 
205.630412 28.445671 0.75 1 
205.630217 28.446355 0.75 1 
205.630023 28.447040 0.75 1 
205.629828 28.447727 0.75 1 
205.629634 28.448412 0.75 1 
205.629440 28.449096 0.75 1 
205.629245 28.449781 0.75 1 
205.629050 28.450468 0.75 1 
205.628856 28.451153 0.75 1 
205.628662 28.451837 0.75 1 
205.631582 28.439014 0.75 1 
205.631387 28.439698 0.75 1 
205.631193 28.440383 0.75 1 
205.630999 28.441067 0.75 1 
205.630804 28.441755 0.75 1 
205.630610 28.442439 0.75 1 
205.630415 28.443124 0.75 1 
205.630221 28.443808 0.75 1 
205.630026 28.444495 0.75 1 
205.629832 28.445180 0.75 1 
205.629638 28.445864 0.75 1 
205.629444 28.446549 0.75 1 
205.629249 28.447236 0.75 1 
205.629054 28.447921 0.75 1 
205.628860 28.448605 0.75 1 
205.628666 28.449290 0.75 1 
205.628471 28.449977 0.75 1 
205.628277 28.450662 0.75 1 
205.628083 28.451346 0.75 1 
205.627888 28.452031 0.75 1 
205.630811 28.439208 0.75 1 
205.630617 28.439893 0.75 1 
205.630422 28.440577 0.75 1 
205.630228 28.441264 0.75 1 
205.630033 28.441949 0.75 1 
205.629839 28.442633 0.75 1 
205.629645 28.443318 0.75 1 
205.629450 28.444005 0.75 1 
205.629256 28.444690 0.75 1 
205.629061 28.445374 0.75 1 
205.628867 28.446059 0.75 1 
205.628673 28.446743 0.75 1 
205.628478 28.447430 0.75 1 
205.628284 28.448115 0.75 1 
205.628090 28.448799 0.75 1 
205.627895 28.449484 0.75 1 
205.627700 28.450171 0.75 1 
205.627506 28.450856 0.75 1 
205.627312 28.451540 0.75 1 
205.630235 28.438718 0.75 1 
205.630040 28.439402 0.75 1 
205.629846 28.440087 0.75 1 
205.629652 28.440771 0.75 1 
205.629457 28.441458 0.75 1 
205.629263 28.442143 0.75 1 
205.629068 28.442827 0.75 1 
205.628874 28.443512 0.75 1 
205.628679 28.444199 0.75 1 
205.628485 28.444884 0.75 1 
205.628291 28.445568 0.75 1 
205.628097 28.446253 0.75 1 
205.627902 28.446940 0.75 1 
205.627707 28.447625 0.75 1 
205.627513 28.448309 0.75 1 
205.627319 28.448994 0.75 1 
205.627124 28.449681 0.75 1 
205.626930 28.450365 0.75 1 
205.626736 28.451050 0.75 1 
205.626541 28.451734 0.75 1 
205.629461 28.438911 0.75 1 
205.629267 28.439596 0.75 1 
205.629072 28.440280 0.75 1 
205.628877 28.440967 0.75 1 
205.628683 28.441652 0.75 1 
205.628489 28.442336 0.75 1 
205.628295 28.443021 0.75 1 
205.628100 28.443708 0.75 1 
205.627906 28.444393 0.75 1 
205.627711 28.445077 0.75 1 
205.627517 28.445762 0.75 1 
205.627323 28.446446 0.75 1 
205.627128 28.447134 0.75 1 
205.626934 28.447818 0.75 1 
205.626739 28.448503 0.75 1 
205.626545 28.449187 0.75 1 
205.626350 28.449874 0.75 1 
205.626156 28.450559 0.75 1 
205.625962 28.451243 0.75 1 
205.628884 28.438421 0.75 1 
205.628690 28.439105 0.75 1 
205.628496 28.439790 0.75 1 
205.628302 28.440474 0.75 1 
205.628107 28.441162 0.75 1 
205.627913 28.441846 0.75 1 
205.627718 28.442531 0.75 1 
205.627524 28.443215 0.75 1 
205.627329 28.443902 0.75 1 
205.627135 28.444587 0.75 1 
205.626941 28.445271 0.75 1 
205.626747 28.445956 0.75 1 
205.626552 28.446643 0.75 1 
205.626357 28.447328 0.75 1 
205.626163 28.448012 0.75 1 
205.625969 28.448697 0.75 1 
205.625774 28.449384 0.75 1 
205.625580 28.450069 0.75 1 
205.625385 28.450753 0.75 1 
205.625191 28.451438 0.75 1 
205.628114 28.438615 0.75 1 
205.627920 28.439299 0.75 1 
205.627725 28.439984 0.75 1 
205.627530 28.440671 0.75 1 
205.627336 28.441356 0.75 1 
205.627142 28.442040 0.75 1 
205.626948 28.442725 0.75 1 
205.626753 28.443412 0.75 1 
205.626559 28.444097 0.75 1 
205.626364 28.444781 0.75 1 
205.626170 28.445466 0.75 1 
205.625976 28.446150 0.75 1 
205.625781 28.446837 0.75 1 
205.625587 28.447522 0.75 1 
205.625392 28.448206 0.75 1 
205.625198 28.448891 0.75 1 
205.625003 28.449578 0.75 1 
205.624809 28.450263 0.75 1 
205.624615 28.450947 0.75 1 
205.627534 28.438124 0.75 1 
205.627340 28.438808 0.75 1 
205.627146 28.439493 0.75 1 
205.626952 28.440178 0.75 1 
205.626757 28.440865 0.75 1 
205.626562 28.441549 0.75 1 
205.626368 28.442234 0.75 1 
205.626174 28.442918 0.75 1 
205.625979 28.443606 0.75 1 
205.625785 28.444290 0.75 1 
205.625591 28.444975 0.75 1 
205.625396 28.445659 0.75 1 
205.625201 28.446346 0.75 1 
205.625007 28.447031 0.75 1 
205.624813 28.447715 0.75 1 
205.624619 28.448400 0.75 1 
205.624424 28.449087 0.75 1 
205.624230 28.449772 0.75 1 
205.624035 28.450456 0.75 1 
205.623841 28.451141 0.75 1 
205.626764 28.438318 0.75 1 
205.626569 28.439003 0.75 1 
205.626375 28.439687 0.75 1 
205.626180 28.440374 0.75 1 
205.625986 28.441059 0.75 1 
205.625792 28.441743 0.75 1 
205.625598 28.442428 0.75 1 
205.625403 28.443115 0.75 1 
205.625208 28.443800 0.75 1 
205.625014 28.444484 0.75 1 
205.624820 28.445169 0.75 1 
205.624626 28.445853 0.75 1 
205.624431 28.446541 0.75 1 
205.624237 28.447225 0.75 1 
205.624042 28.447910 0.75 1 
205.623848 28.448594 0.75 1 
205.623653 28.449281 0.75 1 
205.623459 28.449966 0.75 1 
205.623265 28.450650 0.75 1 
205.626187 28.437828 0.75 1 
205.625993 28.438512 0.75 1 
205.625799 28.439197 0.75 1 
205.625605 28.439881 0.75 1 
205.625410 28.440569 0.75 1 
205.625215 28.441253 0.75 1 
205.625021 28.441938 0.75 1 
205.624827 28.442622 0.75 1 
205.624632 28.443309 0.75 1 
205.624438 28.443994 0.75 1 
205.624244 28.444678 0.75 1 
205.624049 28.445363 0.75 1 
205.623854 28.446050 0.75 1 
205.623660 28.446735 0.75 1 
205.623466 28.447419 0.75 1 
205.623272 28.448104 0.75 1 
205.623077 28.448791 0.75 1 
205.622883 28.449476 0.75 1 
205.622688 28.450160 0.75 1 
205.622494 28.450845 0.75 1 
205.625414 28.438021 0.75 1 
205.625219 28.438706 0.75 1 
205.625025 28.439390 0.75 1 
205.624830 28.440078 0.75 1 
205.624636 28.440762 0.75 1 
205.624442 28.441447 0.75 1 
205.624248 28.442131 0.75 1 
205.624053 28.442818 0.75 1 
205.623858 28.443503 0.75 1 
205.623664 28.444187 0.75 1 
205.623470 28.444872 0.75 1 
205.623276 28.445556 0.75 1 
205.623081 28.446244 0.75 1 
205.622886 28.446928 0.75 1 
205.622692 28.447613 0.75 1 
205.622498 28.448297 0.75 1 
205.622303 28.448985 0.75 1 
205.622109 28.449669 0.75 1 
205.621915 28.450354 0.75 1 
205.640255 28.441285 0.75 1 
205.640061 28.441969 0.75 1 
205.639867 28.442654 0.75 1 
205.639672 28.443341 0.75 1 
205.639478 28.444025 0.75 1 
205.639284 28.444710 0.75 1 
205.639089 28.445394 0.75 1 
205.638894 28.446082 0.75 1 
205.638700 28.446766 0.75 1 
205.638506 28.447451 0.75 1 
205.638312 28.448135 0.75 1 
205.638118 28.448820 0.75 1 
205.637923 28.449507 0.75 1 
205.637728 28.450191 0.75 1 
205.637534 28.450876 0.75 1 
205.637340 28.451561 0.75 1 
205.637145 28.452248 0.75 1 
205.636951 28.452932 0.75 1 
205.636756 28.453617 0.75 1 
205.639676 28.440794 0.75 1 
205.639482 28.441478 0.75 1 
205.639288 28.442163 0.75 1 
205.639093 28.442847 0.75 1 
205.638898 28.443534 0.75 1 
205.638704 28.444219 0.75 1 
205.638510 28.444903 0.75 1 
205.638316 28.445588 0.75 1 
205.638121 28.446275 0.75 1 
205.637927 28.446960 0.75 1 
205.637732 28.447644 0.75 1 
205.637538 28.448329 0.75 1 
205.637343 28.449016 0.75 1 
205.637149 28.449700 0.75 1 
205.636955 28.450385 0.75 1 
205.636760 28.451070 0.75 1 
205.636565 28.451757 0.75 1 
205.636371 28.452441 0.75 1 
205.636177 28.453126 0.75 1 
205.635983 28.453810 0.75 1 
205.638905 28.440988 0.75 1 
205.638711 28.441672 0.75 1 
205.638517 28.442357 0.75 1 
205.638322 28.443044 0.75 1 
205.638128 28.443728 0.75 1 
205.637934 28.444413 0.75 1 
205.637739 28.445098 0.75 1 
205.637544 28.445785 0.75 1 
205.637350 28.446469 0.75 1 
205.637156 28.447154 0.75 1 
205.636962 28.447838 0.75 1 
205.636767 28.448523 0.75 1 
205.636572 28.449210 0.75 1 
205.636378 28.449895 0.75 1 
205.636184 28.450579 0.75 1 
205.635990 28.451264 0.75 1 
205.635795 28.451951 0.75 1 
205.635601 28.452635 0.75 1 
205.635406 28.453320 0.75 1 
205.638329 28.440497 0.75 1 
205.638135 28.441182 0.75 1 
205.637941 28.441866 0.75 1 
205.637746 28.442551 0.75 1 
205.637551 28.443238 0.75 1 
205.637357 28.443923 0.75 1 
205.637163 28.444607 0.75 1 
205.636969 28.445292 0.75 1 
205.636774 28.445979 0.75 1 
205.636579 28.446663 0.75 1 
205.636385 28.447348 0.75 1 
205.636191 28.448033 0.75 1 
205.635996 28.448720 0.75 1 
205.635802 28.449404 0.75 1 
205.635608 28.450089 0.75 1 
205.635413 28.450773 0.75 1 
205.635218 28.451461 0.75 1 
205.635024 28.452145 0.75 1 
205.634830 28.452830 0.75 1 
205.634636 28.453514 0.75 1 
205.637555 28.440691 0.75 1 
205.637361 28.441375 0.75 1 
205.637167 28.442060 0.75 1 
205.636972 28.442747 0.75 1 
205.636778 28.443432 0.75 1 
205.636583 28.444116 0.75 1 
205.636389 28.444801 0.75 1 
205.636194 28.445488 0.75 1 
205.636000 28.446172 0.75 1 
205.635806 28.446857 0.75 1 
205.635612 28.447542 0.75 1 
205.635417 28.448226 0.75 1 
205.635222 28.448913 0.75 1 
205.635028 28.449598 0.75 1 
205.634834 28.450282 0.75 1 
205.634640 28.450967 0.75 1 
205.634445 28.451654 0.75 1 
205.634251 28.452339 0.75 1 
205.634056 28.453023 0.75 1 
205.636979 28.440201 0.75 1 
205.636785 28.440885 0.75 1 
205.636590 28.441570 0.75 1 
205.636396 28.442254 0.75 1 
205.636201 28.442941 0.75 1 
205.636007 28.443626 0.75 1 
205.635813 28.444310 0.75 1 
205.635619 28.444995 0.75 1 
205.635424 28.445682 0.75 1 
205.635229 28.446367 0.75 1 
205.635035 28.447051 0.75 1 
205.634841 28.447736 0.75 1 
205.634646 28.448423 0.75 1 
205.634452 28.449107 0.75 1 
205.634258 28.449792 0.75 1 
205.634063 28.450476 0.75 1 
205.633868 28.451164 0.75 1 
205.633674 28.451848 0.75 1 
205.633480 28.452533 0.75 1 
205.633286 28.453217 0.75 1 
205.636208 28.440395 0.75 1 
205.636014 28.441079 0.75 1 
205.635820 28.441764 0.75 1 
205.635625 28.442451 0.75 1 
205.635431 28.443135 0.75 1 
205.635236 28.443820 0.75 1 
205.635042 28.444505 0.75 1 
205.634847 28.445192 0.75 1 
205.634653 28.445876 0.75 1 
205.634459 28.446561 0.75 1 
205.634265 28.447245 0.75 1 
205.634070 28.447930 0.75 1 
205.633875 28.448617 0.75 1 
205.633681 28.449302 0.75 1 
205.633487 28.449986 0.75 1 
205.633293 28.450671 0.75 1 
205.633098 28.451358 0.75 1 
205.632903 28.452042 0.75 1 
205.632709 28.452727 0.75 1 
205.635629 28.439904 0.75 1 
205.635435 28.440588 0.75 1 
205.635240 28.441273 0.75 1 
205.635046 28.441957 0.75 1 
205.634851 28.442644 0.75 1 
205.634657 28.443329 0.75 1 
205.634463 28.444014 0.75 1 
205.634268 28.444698 0.75 1 
205.634074 28.445385 0.75 1 
205.633879 28.446070 0.75 1 
205.633685 28.446754 0.75 1 
205.633491 28.447439 0.75 1 
205.633296 28.448126 0.75 1 
205.633102 28.448811 0.75 1 
205.632907 28.449495 0.75 1 
205.632713 28.450180 0.75 1 
205.632518 28.450867 0.75 1 
205.632324 28.451551 0.75 1 
205.632130 28.452236 0.75 1 
205.631936 28.452920 0.75 1 
205.634858 28.440098 0.75 1 
205.634664 28.440782 0.75 1 
205.634470 28.441467 0.75 1 
205.634275 28.442154 0.75 1 
205.634081 28.442839 0.75 1 
205.633886 28.443523 0.75 1 
205.633692 28.444208 0.75 1 
205.633497 28.444895 0.75 1 
205.633303 28.445579 0.75 1 
205.633109 28.446264 0.75 1 
205.632914 28.446949 0.75 1 
205.632720 28.447633 0.75 1 
205.632525 28.448320 0.75 1 
205.632331 28.449005 0.75 1 
205.632137 28.449689 0.75 1 
205.631943 28.450374 0.75 1 
205.631748 28.451061 0.75 1 
205.631553 28.451746 0.75 1 
205.631359 28.452430 0.75 1 
205.634282 28.439607 0.75 1 
205.634088 28.440292 0.75 1 
205.633893 28.440977 0.75 1 
205.633699 28.441661 0.75 1 
205.633504 28.442348 0.75 1 
205.633310 28.443033 0.75 1 
205.633116 28.443717 0.75 1 
205.632921 28.444402 0.75 1 
205.632726 28.445089 0.75 1 
205.632532 28.445774 0.75 1 
205.632338 28.446458 0.75 1 
205.632144 28.447143 0.75 1 
205.631949 28.447830 0.75 1 
205.631755 28.448514 0.75 1 
205.631560 28.449199 0.75 1 
205.631366 28.449883 0.75 1 
205.631171 28.450571 0.75 1 
205.630977 28.451255 0.75 1 
205.630783 28.451940 0.75 1 
205.630589 28.452624 0.75 1 
205.633508 28.439801 0.75 1 
205.633314 28.440486 0.75 1 
205.633120 28.441170 0.75 1 
205.632925 28.441857 0.75 1 
205.632730 28.442542 0.75 1 
205.632536 28.443226 0.75 1 
205.632342 28.443911 0.75 1 
205.632147 28.444598 0.75 1 
205.631953 28.445283 0.75 1 
205.631759 28.445967 0.75 1 
205.631564 28.446652 0.75 1 
205.631370 28.447336 0.75 1 
205.631175 28.448023 0.75 1 
205.630981 28.448708 0.75 1 
205.630787 28.449392 0.75 1 
205.630592 28.450077 0.75 1 
205.630398 28.450764 0.75 1 
205.630203 28.451449 0.75 1 
205.630009 28.452133 0.75 1 
205.632932 28.439311 0.75 1 
205.632737 28.439995 0.75 1 
205.632543 28.440680 0.75 1 
205.632349 28.441364 0.75 1 
205.632154 28.442051 0.75 1 
205.631960 28.442736 0.75 1 
205.631766 28.443421 0.75 1 
205.631571 28.444105 0.75 1 
205.631376 28.444792 0.75 1 
205.631182 28.445477 0.75 1 
