205.623313 28.358580 0.75 1 
205.623119 28.359265 0.75 1 
205.622924 28.359952 0.75 1 
205.622729 28.360637 0.75 1 
205.622535 28.361321 0.75 1 
205.622341 28.362006 0.75 1 
205.622146 28.362693 0.75 1 
205.621952 28.363378 0.75 1 
205.621757 28.364062 0.75 1 
205.621563 28.364747 0.75 1 
205.624486 28.351924 0.75 1 
205.624292 28.352609 0.75 1 
205.624097 28.353293 0.75 1 
205.623902 28.353980 0.75 1 
205.623708 28.354665 0.75 1 
205.623514 28.355349 0.75 1 
205.623320 28.356034 0.75 1 
205.623125 28.356721 0.75 1 
205.622931 28.357406 0.75 1 
205.622736 28.358090 0.75 1 
205.622542 28.358775 0.75 1 
205.622348 28.359459 0.75 1 
205.622153 28.360146 0.75 1 
205.621959 28.360831 0.75 1 
205.621764 28.361515 0.75 1 
205.621570 28.362200 0.75 1 
205.621375 28.362887 0.75 1 
205.621181 28.363572 0.75 1 
205.620987 28.364256 0.75 1 
205.623906 28.351433 0.75 1 
205.623712 28.352118 0.75 1 
205.623518 28.352802 0.75 1 
205.623324 28.353487 0.75 1 
205.623129 28.354174 0.75 1 
205.622934 28.354858 0.75 1 
205.622740 28.355543 0.75 1 
205.622546 28.356227 0.75 1 
205.622351 28.356915 0.75 1 
205.622157 28.357599 0.75 1 
205.621963 28.358284 0.75 1 
205.621768 28.358968 0.75 1 
205.621573 28.359655 0.75 1 
205.621379 28.360340 0.75 1 
205.621185 28.361024 0.75 1 
205.620991 28.361709 0.75 1 
205.620796 28.362396 0.75 1 
205.620602 28.363081 0.75 1 
205.620407 28.363765 0.75 1 
205.620213 28.364450 0.75 1 
205.623136 28.351627 0.75 1 
205.622942 28.352312 0.75 1 
205.622747 28.352996 0.75 1 
205.622552 28.353683 0.75 1 
205.622358 28.354368 0.75 1 
205.622164 28.355053 0.75 1 
205.621970 28.355737 0.75 1 
205.621775 28.356424 0.75 1 
205.621580 28.357109 0.75 1 
205.621386 28.357793 0.75 1 
205.621192 28.358478 0.75 1 
205.620998 28.359162 0.75 1 
205.620803 28.359850 0.75 1 
205.620609 28.360534 0.75 1 
205.620414 28.361219 0.75 1 
205.620220 28.361903 0.75 1 
205.620025 28.362590 0.75 1 
205.619831 28.363275 0.75 1 
205.619637 28.363959 0.75 1 
205.622559 28.351137 0.75 1 
205.622365 28.351821 0.75 1 
205.622171 28.352506 0.75 1 
205.621977 28.353190 0.75 1 
205.621782 28.353878 0.75 1 
205.621587 28.354562 0.75 1 
205.621393 28.355247 0.75 1 
205.621199 28.355931 0.75 1 
205.621004 28.356618 0.75 1 
205.620810 28.357303 0.75 1 
205.620616 28.357987 0.75 1 
205.620421 28.358672 0.75 1 
205.620226 28.359359 0.75 1 
205.620032 28.360044 0.75 1 
205.619838 28.360728 0.75 1 
205.619644 28.361413 0.75 1 
205.619449 28.362100 0.75 1 
205.619255 28.362785 0.75 1 
205.619060 28.363469 0.75 1 
205.618866 28.364154 0.75 1 
205.621786 28.351330 0.75 1 
205.621591 28.352015 0.75 1 
205.621397 28.352699 0.75 1 
205.621202 28.353387 0.75 1 
205.621008 28.354071 0.75 1 
205.620814 28.354756 0.75 1 
205.620620 28.355440 0.75 1 
205.620425 28.356127 0.75 1 
205.620230 28.356812 0.75 1 
205.620036 28.357496 0.75 1 
205.619842 28.358181 0.75 1 
205.619648 28.358866 0.75 1 
205.619453 28.359553 0.75 1 
205.619258 28.360237 0.75 1 
205.619064 28.360922 0.75 1 
205.618870 28.361606 0.75 1 
205.618675 28.362294 0.75 1 
205.618481 28.362978 0.75 1 
205.618287 28.363663 0.75 1 
205.621209 28.350840 0.75 1 
205.621015 28.351525 0.75 1 
205.620821 28.352209 0.75 1 
205.620627 28.352894 0.75 1 
205.620432 28.353581 0.75 1 
205.620237 28.354265 0.75 1 
205.620043 28.354950 0.75 1 
205.619849 28.355634 0.75 1 
205.619654 28.356322 0.75 1 
205.619460 28.357006 0.75 1 
205.619266 28.357691 0.75 1 
205.619071 28.358375 0.75 1 
205.618876 28.359062 0.75 1 
205.618682 28.359747 0.75 1 
205.618488 28.360431 0.75 1 
205.618294 28.361116 0.75 1 
205.618099 28.361803 0.75 1 
205.617904 28.362488 0.75 1 
205.617710 28.363172 0.75 1 
205.617516 28.363857 0.75 1 
205.620439 28.351034 0.75 1 
205.620244 28.351719 0.75 1 
205.620050 28.352403 0.75 1 
205.619855 28.353090 0.75 1 
205.619661 28.353775 0.75 1 
205.619467 28.354459 0.75 1 
205.619273 28.355144 0.75 1 
205.619078 28.355831 0.75 1 
205.618883 28.356516 0.75 1 
205.618689 28.357200 0.75 1 
205.618495 28.357885 0.75 1 
205.618301 28.358569 0.75 1 
205.618106 28.359257 0.75 1 
205.617911 28.359941 0.75 1 
205.617717 28.360626 0.75 1 
205.617523 28.361310 0.75 1 
205.617328 28.361997 0.75 1 
205.617134 28.362682 0.75 1 
205.616940 28.363366 0.75 1 
205.619859 28.350543 0.75 1 
205.619665 28.351228 0.75 1 
205.619471 28.351912 0.75 1 
205.619276 28.352597 0.75 1 
205.619081 28.353284 0.75 1 
205.618887 28.353968 0.75 1 
205.618693 28.354653 0.75 1 
205.618499 28.355338 0.75 1 
205.618304 28.356025 0.75 1 
205.618110 28.356709 0.75 1 
205.617915 28.357394 0.75 1 
205.617721 28.358078 0.75 1 
205.617526 28.358766 0.75 1 
205.617332 28.359450 0.75 1 
205.617138 28.360135 0.75 1 
205.616944 28.360819 0.75 1 
205.616749 28.361506 0.75 1 
205.616554 28.362191 0.75 1 
205.616360 28.362875 0.75 1 
205.616166 28.363560 0.75 1 
205.619088 28.350737 0.75 1 
205.618894 28.351422 0.75 1 
205.618700 28.352106 0.75 1 
205.618505 28.352794 0.75 1 
205.618311 28.353478 0.75 1 
205.618117 28.354163 0.75 1 
205.617922 28.354847 0.75 1 
205.617727 28.355534 0.75 1 
205.617533 28.356219 0.75 1 
205.617339 28.356903 0.75 1 
205.617145 28.357588 0.75 1 
205.616951 28.358273 0.75 1 
205.616756 28.358960 0.75 1 
205.616561 28.359644 0.75 1 
205.616367 28.360329 0.75 1 
205.616173 28.361013 0.75 1 
205.615978 28.361701 0.75 1 
205.615784 28.362385 0.75 1 
205.615590 28.363070 0.75 1 
205.618512 28.350247 0.75 1 
205.618318 28.350931 0.75 1 
205.618124 28.351616 0.75 1 
205.617929 28.352301 0.75 1 
205.617734 28.352988 0.75 1 
205.617540 28.353672 0.75 1 
205.617346 28.354357 0.75 1 
205.617152 28.355041 0.75 1 
205.616957 28.355729 0.75 1 
205.616763 28.356413 0.75 1 
205.616568 28.357098 0.75 1 
205.616374 28.357782 0.75 1 
205.616179 28.358469 0.75 1 
205.615985 28.359154 0.75 1 
205.615791 28.359838 0.75 1 
205.615597 28.360523 0.75 1 
205.615402 28.361210 0.75 1 
205.615207 28.361895 0.75 1 
205.615013 28.362579 0.75 1 
205.614819 28.363264 0.75 1 
205.617738 28.350440 0.75 1 
205.617544 28.351125 0.75 1 
205.617350 28.351810 0.75 1 
205.617155 28.352497 0.75 1 
205.616961 28.353181 0.75 1 
205.616767 28.353866 0.75 1 
205.616572 28.354550 0.75 1 
205.616377 28.355238 0.75 1 
205.616183 28.355922 0.75 1 
205.615989 28.356607 0.75 1 
205.615795 28.357291 0.75 1 
205.615600 28.357976 0.75 1 
205.615405 28.358663 0.75 1 
205.615211 28.359347 0.75 1 
205.615017 28.360032 0.75 1 
205.614823 28.360716 0.75 1 
205.614628 28.361404 0.75 1 
205.614434 28.362088 0.75 1 
205.614239 28.362773 0.75 1 
205.632580 28.353704 0.75 1 
205.632386 28.354388 0.75 1 
205.632192 28.355073 0.75 1 
205.631997 28.355760 0.75 1 
205.631803 28.356445 0.75 1 
205.631608 28.357129 0.75 1 
205.631414 28.357814 0.75 1 
205.631219 28.358501 0.75 1 
205.631025 28.359185 0.75 1 
205.630831 28.359870 0.75 1 
205.630637 28.360554 0.75 1 
205.630442 28.361239 0.75 1 
205.630247 28.361926 0.75 1 
205.630053 28.362611 0.75 1 
205.629859 28.363295 0.75 1 
205.629665 28.363980 0.75 1 
205.629470 28.364667 0.75 1 
205.629275 28.365351 0.75 1 
205.629081 28.366036 0.75 1 
205.632001 28.353213 0.75 1 
205.631807 28.353897 0.75 1 
205.631612 28.354582 0.75 1 
205.631418 28.355266 0.75 1 
205.631223 28.355954 0.75 1 
205.631029 28.356638 0.75 1 
205.630835 28.357323 0.75 1 
205.630640 28.358007 0.75 1 
205.630446 28.358694 0.75 1 
205.630251 28.359379 0.75 1 
205.630057 28.360063 0.75 1 
205.629863 28.360748 0.75 1 
205.629668 28.361435 0.75 1 
205.629474 28.362120 0.75 1 
205.629279 28.362804 0.75 1 
205.629085 28.363489 0.75 1 
205.628890 28.364176 0.75 1 
205.628696 28.364860 0.75 1 
205.628502 28.365545 0.75 1 
205.628308 28.366230 0.75 1 
205.631230 28.353407 0.75 1 
205.631036 28.354091 0.75 1 
205.630842 28.354776 0.75 1 
205.630647 28.355463 0.75 1 
205.630453 28.356148 0.75 1 
205.630258 28.356832 0.75 1 
205.630064 28.357517 0.75 1 
205.629869 28.358204 0.75 1 
205.629675 28.358888 0.75 1 
205.629481 28.359573 0.75 1 
205.629286 28.360258 0.75 1 
205.629092 28.360942 0.75 1 
205.628897 28.361629 0.75 1 
205.628703 28.362314 0.75 1 
205.628509 28.362998 0.75 1 
205.628315 28.363683 0.75 1 
205.628120 28.364370 0.75 1 
205.627925 28.365055 0.75 1 
205.627731 28.365739 0.75 1 
205.630654 28.352917 0.75 1 
205.630460 28.353601 0.75 1 
205.630265 28.354286 0.75 1 
205.630071 28.354970 0.75 1 
205.629876 28.355657 0.75 1 
205.629682 28.356342 0.75 1 
205.629488 28.357026 0.75 1 
205.629293 28.357711 0.75 1 
205.629098 28.358398 0.75 1 
205.628904 28.359083 0.75 1 
205.628710 28.359767 0.75 1 
205.628516 28.360452 0.75 1 
205.628321 28.361139 0.75 1 
205.628127 28.361823 0.75 1 
205.627932 28.362508 0.75 1 
205.627738 28.363193 0.75 1 
205.627543 28.363880 0.75 1 
205.627349 28.364564 0.75 1 
205.627155 28.365249 0.75 1 
205.626961 28.365933 0.75 1 
205.629880 28.353110 0.75 1 
205.629686 28.353795 0.75 1 
205.629492 28.354479 0.75 1 
205.629297 28.355166 0.75 1 
205.629102 28.355851 0.75 1 
205.628908 28.356535 0.75 1 
205.628714 28.357220 0.75 1 
205.628519 28.357907 0.75 1 
205.628325 28.358592 0.75 1 
205.628131 28.359276 0.75 1 
205.627936 28.359961 0.75 1 
205.627742 28.360645 0.75 1 
205.627547 28.361332 0.75 1 
205.627353 28.362017 0.75 1 
205.627159 28.362702 0.75 1 
205.626964 28.363386 0.75 1 
205.626770 28.364073 0.75 1 
205.626575 28.364758 0.75 1 
205.626381 28.365442 0.75 1 
205.629304 28.352620 0.75 1 
205.629109 28.353304 0.75 1 
205.628915 28.353989 0.75 1 
205.628721 28.354673 0.75 1 
205.628526 28.355360 0.75 1 
205.628332 28.356045 0.75 1 
205.628138 28.356730 0.75 1 
205.627943 28.357414 0.75 1 
205.627748 28.358101 0.75 1 
205.627554 28.358786 0.75 1 
205.627360 28.359470 0.75 1 
205.627166 28.360155 0.75 1 
205.626971 28.360842 0.75 1 
205.626777 28.361527 0.75 1 
205.626582 28.362211 0.75 1 
205.626388 28.362896 0.75 1 
205.626193 28.363583 0.75 1 
205.625999 28.364267 0.75 1 
205.625805 28.364952 0.75 1 
205.625610 28.365636 0.75 1 
205.628533 28.352814 0.75 1 
205.628339 28.353498 0.75 1 
205.628145 28.354183 0.75 1 
205.627950 28.354870 0.75 1 
205.627755 28.355555 0.75 1 
205.627561 28.356239 0.75 1 
205.627367 28.356924 0.75 1 
205.627172 28.357611 0.75 1 
205.626978 28.358295 0.75 1 
205.626784 28.358980 0.75 1 
205.626589 28.359665 0.75 1 
205.626395 28.360349 0.75 1 
205.626200 28.361036 0.75 1 
205.626006 28.361721 0.75 1 
205.625812 28.362405 0.75 1 
205.625617 28.363090 0.75 1 
205.625422 28.363777 0.75 1 
205.625228 28.364462 0.75 1 
205.625034 28.365146 0.75 1 
205.627954 28.352323 0.75 1 
205.627759 28.353007 0.75 1 
205.627565 28.353692 0.75 1 
205.627371 28.354376 0.75 1 
205.627176 28.355064 0.75 1 
205.626982 28.355748 0.75 1 
205.626787 28.356433 0.75 1 
205.626593 28.357117 0.75 1 
205.626398 28.357804 0.75 1 
205.626204 28.358489 0.75 1 
205.626010 28.359174 0.75 1 
205.625816 28.359858 0.75 1 
205.625621 28.360545 0.75 1 
205.625426 28.361230 0.75 1 
205.625232 28.361914 0.75 1 
205.625038 28.362599 0.75 1 
205.624843 28.363286 0.75 1 
205.624649 28.363971 0.75 1 
205.624455 28.364655 0.75 1 
205.624260 28.365340 0.75 1 
205.627183 28.352517 0.75 1 
205.626989 28.353202 0.75 1 
205.626795 28.353886 0.75 1 
205.626600 28.354573 0.75 1 
205.626405 28.355258 0.75 1 
205.626211 28.355942 0.75 1 
205.626017 28.356627 0.75 1 
205.625822 28.357314 0.75 1 
205.625628 28.357999 0.75 1 
205.625433 28.358683 0.75 1 
205.625239 28.359368 0.75 1 
205.625045 28.360052 0.75 1 
205.624850 28.360739 0.75 1 
205.624656 28.361424 0.75 1 
205.624462 28.362108 0.75 1 
205.624267 28.362793 0.75 1 
205.624072 28.363480 0.75 1 
205.623878 28.364165 0.75 1 
205.623684 28.364849 0.75 1 
205.626607 28.352027 0.75 1 
205.626412 28.352711 0.75 1 
205.626218 28.353396 0.75 1 
205.626024 28.354080 0.75 1 
205.625829 28.354767 0.75 1 
205.625635 28.355452 0.75 1 
205.625440 28.356137 0.75 1 
205.625246 28.356821 0.75 1 
205.625051 28.357508 0.75 1 
205.624857 28.358193 0.75 1 
205.624663 28.358877 0.75 1 
205.624469 28.359562 0.75 1 
205.624274 28.360249 0.75 1 
205.624079 28.360934 0.75 1 
205.623885 28.361618 0.75 1 
205.623691 28.362303 0.75 1 
205.623496 28.362990 0.75 1 
205.623302 28.363674 0.75 1 
205.623108 28.364359 0.75 1 
205.622913 28.365043 0.75 1 
205.625833 28.352220 0.75 1 
205.625639 28.352905 0.75 1 
205.625444 28.353589 0.75 1 
205.625249 28.354276 0.75 1 
205.625055 28.354961 0.75 1 
205.624861 28.355646 0.75 1 
205.624667 28.356330 0.75 1 
205.624472 28.357017 0.75 1 
205.624278 28.357702 0.75 1 
205.624083 28.358386 0.75 1 
205.623889 28.359071 0.75 1 
205.623695 28.359755 0.75 1 
205.623500 28.360443 0.75 1 
205.623306 28.361127 0.75 1 
205.623111 28.361812 0.75 1 
205.622917 28.362496 0.75 1 
205.622722 28.363183 0.75 1 
205.622528 28.363868 0.75 1 
205.622334 28.364552 0.75 1 
205.625256 28.351730 0.75 1 
205.625062 28.352414 0.75 1 
205.624868 28.353099 0.75 1 
205.624674 28.353783 0.75 1 
205.624479 28.354471 0.75 1 
205.624285 28.355155 0.75 1 
205.624090 28.355840 0.75 1 
205.623896 28.356524 0.75 1 
205.623701 28.357211 0.75 1 
205.623507 28.357896 0.75 1 
