205.607728 28.412053 0.75 1 
205.606951 28.411882 0.75 1 
205.606170 28.411710 0.75 1 
205.605392 28.411539 0.75 1 
205.604615 28.411368 0.75 1 
205.603837 28.411197 0.75 1 
205.603057 28.411025 0.75 1 
205.602279 28.410854 0.75 1 
205.601501 28.410683 0.75 1 
205.600724 28.410512 0.75 1 
205.614953 28.414271 0.75 1 
205.614176 28.414100 0.75 1 
205.613398 28.413929 0.75 1 
205.612618 28.413757 0.75 1 
205.611840 28.413586 0.75 1 
205.611062 28.413415 0.75 1 
205.610285 28.413245 0.75 1 
205.609504 28.413073 0.75 1 
205.608726 28.412902 0.75 1 
205.607949 28.412731 0.75 1 
205.607171 28.412560 0.75 1 
205.606394 28.412389 0.75 1 
205.605613 28.412217 0.75 1 
205.604835 28.412046 0.75 1 
205.604058 28.411875 0.75 1 
205.603280 28.411704 0.75 1 
205.602499 28.411533 0.75 1 
205.601722 28.411362 0.75 1 
205.600944 28.411191 0.75 1 
205.615173 28.414952 0.75 1 
205.614396 28.414781 0.75 1 
205.613618 28.414610 0.75 1 
205.612840 28.414439 0.75 1 
205.612060 28.414268 0.75 1 
205.611282 28.414097 0.75 1 
205.610505 28.413926 0.75 1 
205.609727 28.413755 0.75 1 
205.608946 28.413583 0.75 1 
205.608169 28.413412 0.75 1 
205.607391 28.413241 0.75 1 
205.606613 28.413070 0.75 1 
205.605833 28.412898 0.75 1 
205.605055 28.412727 0.75 1 
205.604278 28.412556 0.75 1 
205.603500 28.412386 0.75 1 
205.602719 28.412214 0.75 1 
205.601942 28.412043 0.75 1 
205.601164 28.411872 0.75 1 
205.600386 28.411701 0.75 1 
205.614616 28.415459 0.75 1 
205.613839 28.415289 0.75 1 
205.613061 28.415118 0.75 1 
205.612280 28.414946 0.75 1 
205.611503 28.414775 0.75 1 
205.610725 28.414604 0.75 1 
205.609948 28.414433 0.75 1 
205.609167 28.414261 0.75 1 
205.608389 28.414090 0.75 1 
205.607612 28.413919 0.75 1 
205.606834 28.413748 0.75 1 
205.606056 28.413577 0.75 1 
205.605276 28.413406 0.75 1 
205.604498 28.413235 0.75 1 
205.603721 28.413064 0.75 1 
205.602943 28.412893 0.75 1 
205.602162 28.412721 0.75 1 
205.601385 28.412550 0.75 1 
205.600607 28.412379 0.75 1 
205.614837 28.416138 0.75 1 
205.614059 28.415967 0.75 1 
205.613282 28.415796 0.75 1 
205.612504 28.415625 0.75 1 
205.611723 28.415453 0.75 1 
205.610946 28.415282 0.75 1 
205.610168 28.415111 0.75 1 
205.609390 28.414940 0.75 1 
205.608610 28.414769 0.75 1 
205.607832 28.414598 0.75 1 
205.607055 28.414427 0.75 1 
205.606277 28.414256 0.75 1 
205.605496 28.414084 0.75 1 
205.604719 28.413913 0.75 1 
205.603941 28.413742 0.75 1 
205.603164 28.413571 0.75 1 
205.602383 28.413400 0.75 1 
205.601605 28.413229 0.75 1 
205.600828 28.413058 0.75 1 
205.600050 28.412887 0.75 1 
205.614279 28.416648 0.75 1 
205.613501 28.416477 0.75 1 
205.612724 28.416306 0.75 1 
205.611943 28.416134 0.75 1 
205.611166 28.415963 0.75 1 
205.610388 28.415792 0.75 1 
205.609610 28.415621 0.75 1 
205.608830 28.415450 0.75 1 
205.608052 28.415279 0.75 1 
205.607274 28.415108 0.75 1 
205.606497 28.414937 0.75 1 
205.605719 28.414766 0.75 1 
205.604939 28.414594 0.75 1 
205.604161 28.414423 0.75 1 
205.603383 28.414252 0.75 1 
205.602606 28.414081 0.75 1 
205.601825 28.413910 0.75 1 
205.601047 28.413739 0.75 1 
205.600270 28.413568 0.75 1 
205.614500 28.417326 0.75 1 
205.613722 28.417155 0.75 1 
205.612944 28.416984 0.75 1 
205.612167 28.416813 0.75 1 
205.611386 28.416642 0.75 1 
205.610608 28.416471 0.75 1 
205.609831 28.416300 0.75 1 
205.609053 28.416129 0.75 1 
205.608273 28.415957 0.75 1 
205.607495 28.415786 0.75 1 
205.606717 28.415615 0.75 1 
205.605940 28.415444 0.75 1 
205.605159 28.415273 0.75 1 
205.604382 28.415102 0.75 1 
205.603604 28.414931 0.75 1 
205.602826 28.414760 0.75 1 
205.602046 28.414588 0.75 1 
205.601268 28.414417 0.75 1 
205.600490 28.414246 0.75 1 
205.599713 28.414075 0.75 1 
205.613943 28.417834 0.75 1 
205.613165 28.417663 0.75 1 
205.612387 28.417492 0.75 1 
205.611607 28.417320 0.75 1 
205.610829 28.417149 0.75 1 
205.610051 28.416978 0.75 1 
205.609274 28.416807 0.75 1 
205.608493 28.416636 0.75 1 
205.607716 28.416465 0.75 1 
205.606938 28.416294 0.75 1 
205.606160 28.416123 0.75 1 
205.605383 28.415952 0.75 1 
205.604602 28.415780 0.75 1 
205.603825 28.415609 0.75 1 
205.603047 28.415438 0.75 1 
205.602269 28.415267 0.75 1 
205.601489 28.415096 0.75 1 
205.600711 28.414925 0.75 1 
205.599933 28.414754 0.75 1 
205.614162 28.418515 0.75 1 
205.613385 28.418344 0.75 1 
205.612607 28.418173 0.75 1 
205.611830 28.418002 0.75 1 
205.611049 28.417830 0.75 1 
205.610271 28.417659 0.75 1 
205.609494 28.417488 0.75 1 
205.608716 28.417317 0.75 1 
205.607935 28.417146 0.75 1 
205.607158 28.416975 0.75 1 
205.606380 28.416804 0.75 1 
205.605603 28.416633 0.75 1 
205.604822 28.416461 0.75 1 
205.604044 28.416290 0.75 1 
205.603267 28.416119 0.75 1 
205.602489 28.415948 0.75 1 
205.601708 28.415777 0.75 1 
205.600931 28.415606 0.75 1 
205.600153 28.415435 0.75 1 
205.599376 28.415264 0.75 1 
205.613605 28.419022 0.75 1 
205.612828 28.418851 0.75 1 
205.612050 28.418680 0.75 1 
205.611269 28.418509 0.75 1 
205.610492 28.418338 0.75 1 
205.609714 28.418167 0.75 1 
205.608937 28.417996 0.75 1 
205.608156 28.417824 0.75 1 
205.607378 28.417653 0.75 1 
205.606601 28.417482 0.75 1 
205.605823 28.417311 0.75 1 
205.605046 28.417140 0.75 1 
205.604265 28.416969 0.75 1 
205.603487 28.416798 0.75 1 
205.602710 28.416627 0.75 1 
205.601932 28.416456 0.75 1 
205.601151 28.416284 0.75 1 
205.600374 28.416113 0.75 1 
205.599596 28.415942 0.75 1 
205.613826 28.419701 0.75 1 
205.613048 28.419530 0.75 1 
205.612271 28.419359 0.75 1 
205.611493 28.419188 0.75 1 
205.610712 28.419016 0.75 1 
205.609935 28.418845 0.75 1 
205.609157 28.418674 0.75 1 
205.608380 28.418503 0.75 1 
205.607599 28.418332 0.75 1 
205.606821 28.418161 0.75 1 
205.606044 28.417990 0.75 1 
205.605266 28.417819 0.75 1 
205.604485 28.417647 0.75 1 
205.603708 28.417476 0.75 1 
205.602930 28.417305 0.75 1 
205.602153 28.417134 0.75 1 
205.601372 28.416962 0.75 1 
205.600594 28.416791 0.75 1 
205.599817 28.416620 0.75 1 
205.599039 28.416450 0.75 1 
205.613268 28.420211 0.75 1 
205.612491 28.420040 0.75 1 
205.611713 28.419869 0.75 1 
205.610932 28.419697 0.75 1 
205.610155 28.419526 0.75 1 
205.609377 28.419355 0.75 1 
205.608599 28.419184 0.75 1 
205.607819 28.419013 0.75 1 
205.607041 28.418842 0.75 1 
205.606264 28.418671 0.75 1 
205.605486 28.418500 0.75 1 
205.604708 28.418329 0.75 1 
205.603928 28.418157 0.75 1 
205.603150 28.417986 0.75 1 
205.602372 28.417815 0.75 1 
205.601595 28.417644 0.75 1 
205.600814 28.417473 0.75 1 
205.600037 28.417302 0.75 1 
205.599259 28.417131 0.75 1 
205.616975 28.407145 0.75 1 
205.616198 28.406974 0.75 1 
205.615420 28.406804 0.75 1 
205.614639 28.406632 0.75 1 
205.613862 28.406461 0.75 1 
205.613084 28.406290 0.75 1 
205.612306 28.406119 0.75 1 
205.611526 28.405947 0.75 1 
205.610748 28.405776 0.75 1 
205.609971 28.405605 0.75 1 
205.609193 28.405434 0.75 1 
205.608415 28.405263 0.75 1 
205.607635 28.405092 0.75 1 
205.606857 28.404921 0.75 1 
205.606079 28.404750 0.75 1 
205.605302 28.404579 0.75 1 
205.604521 28.404407 0.75 1 
205.603744 28.404236 0.75 1 
205.602966 28.404065 0.75 1 
205.617195 28.407827 0.75 1 
205.616417 28.407656 0.75 1 
205.615640 28.407485 0.75 1 
205.614862 28.407314 0.75 1 
205.614081 28.407142 0.75 1 
205.613304 28.406971 0.75 1 
205.612526 28.406800 0.75 1 
205.611749 28.406629 0.75 1 
205.610968 28.406457 0.75 1 
205.610190 28.406286 0.75 1 
205.609413 28.406115 0.75 1 
205.608635 28.405945 0.75 1 
205.607854 28.405773 0.75 1 
205.607077 28.405602 0.75 1 
205.606299 28.405431 0.75 1 
205.605522 28.405260 0.75 1 
205.604741 28.405088 0.75 1 
205.603963 28.404917 0.75 1 
205.603186 28.404746 0.75 1 
205.602408 28.404575 0.75 1 
205.616638 28.408334 0.75 1 
205.615860 28.408163 0.75 1 
205.615083 28.407992 0.75 1 
205.614302 28.407820 0.75 1 
205.613524 28.407649 0.75 1 
205.612747 28.407478 0.75 1 
205.611969 28.407307 0.75 1 
205.611189 28.407136 0.75 1 
205.610411 28.406965 0.75 1 
205.609633 28.406794 0.75 1 
205.608856 28.406623 0.75 1 
205.608078 28.406452 0.75 1 
205.607297 28.406280 0.75 1 
205.606520 28.406109 0.75 1 
205.605742 28.405938 0.75 1 
205.604965 28.405767 0.75 1 
205.604184 28.405596 0.75 1 
205.603406 28.405425 0.75 1 
205.602629 28.405254 0.75 1 
205.616858 28.409012 0.75 1 
205.616081 28.408841 0.75 1 
205.615303 28.408670 0.75 1 
205.614526 28.408499 0.75 1 
205.613745 28.408328 0.75 1 
205.612967 28.408157 0.75 1 
205.612190 28.407986 0.75 1 
205.611412 28.407815 0.75 1 
205.610632 28.407643 0.75 1 
205.609854 28.407472 0.75 1 
205.609076 28.407301 0.75 1 
205.608299 28.407130 0.75 1 
205.607518 28.406959 0.75 1 
205.606740 28.406788 0.75 1 
205.605963 28.406617 0.75 1 
205.605185 28.406446 0.75 1 
205.604405 28.406274 0.75 1 
205.603627 28.406103 0.75 1 
205.602849 28.405932 0.75 1 
205.602072 28.405761 0.75 1 
205.616301 28.409522 0.75 1 
205.615523 28.409351 0.75 1 
205.614745 28.409180 0.75 1 
205.613965 28.409009 0.75 1 
205.613187 28.408838 0.75 1 
205.612410 28.408667 0.75 1 
205.611632 28.408496 0.75 1 
205.610851 28.408324 0.75 1 
205.610074 28.408153 0.75 1 
205.609296 28.407982 0.75 1 
205.608519 28.407811 0.75 1 
205.607741 28.407640 0.75 1 
205.606960 28.407469 0.75 1 
205.606183 28.407298 0.75 1 
205.605405 28.407127 0.75 1 
205.604627 28.406956 0.75 1 
205.603847 28.406784 0.75 1 
205.603069 28.406613 0.75 1 
205.602292 28.406442 0.75 1 
205.616521 28.410201 0.75 1 
205.615744 28.410030 0.75 1 
205.614966 28.409859 0.75 1 
205.614188 28.409688 0.75 1 
205.613408 28.409516 0.75 1 
205.612630 28.409345 0.75 1 
205.611853 28.409174 0.75 1 
205.611075 28.409003 0.75 1 
205.610294 28.408832 0.75 1 
205.609517 28.408661 0.75 1 
205.608739 28.408490 0.75 1 
205.607962 28.408319 0.75 1 
205.607181 28.408147 0.75 1 
205.606403 28.407976 0.75 1 
205.605626 28.407805 0.75 1 
205.604848 28.407634 0.75 1 
205.604067 28.407463 0.75 1 
205.603290 28.407292 0.75 1 
205.602512 28.407121 0.75 1 
205.601735 28.406950 0.75 1 
205.615964 28.410708 0.75 1 
205.615187 28.410537 0.75 1 
205.614409 28.410366 0.75 1 
205.613628 28.410195 0.75 1 
205.612851 28.410024 0.75 1 
205.612073 28.409853 0.75 1 
205.611296 28.409682 0.75 1 
205.610515 28.409510 0.75 1 
205.609737 28.409339 0.75 1 
205.608960 28.409168 0.75 1 
205.608182 28.408997 0.75 1 
205.607404 28.408826 0.75 1 
205.606624 28.408655 0.75 1 
205.605846 28.408484 0.75 1 
205.605069 28.408313 0.75 1 
205.604291 28.408142 0.75 1 
205.603510 28.407970 0.75 1 
205.602733 28.407799 0.75 1 
205.601955 28.407628 0.75 1 
205.616184 28.411389 0.75 1 
205.615406 28.411218 0.75 1 
205.614629 28.411047 0.75 1 
205.613851 28.410876 0.75 1 
205.613071 28.410705 0.75 1 
205.612293 28.410534 0.75 1 
205.611515 28.410363 0.75 1 
205.610738 28.410192 0.75 1 
205.609957 28.410020 0.75 1 
205.609180 28.409849 0.75 1 
205.608402 28.409678 0.75 1 
205.607624 28.409507 0.75 1 
205.606844 28.409336 0.75 1 
205.606066 28.409165 0.75 1 
205.605288 28.408994 0.75 1 
205.604511 28.408823 0.75 1 
205.603730 28.408651 0.75 1 
205.602953 28.408480 0.75 1 
205.602175 28.408309 0.75 1 
205.601397 28.408138 0.75 1 
205.615627 28.411897 0.75 1 
205.614849 28.411726 0.75 1 
205.614072 28.411555 0.75 1 
205.613291 28.411383 0.75 1 
205.612514 28.411212 0.75 1 
205.611736 28.411041 0.75 1 
205.610958 28.410870 0.75 1 
205.610178 28.410699 0.75 1 
205.609400 28.410528 0.75 1 
205.608622 28.410357 0.75 1 
205.607845 28.410186 0.75 1 
205.607067 28.410015 0.75 1 
205.606287 28.409843 0.75 1 
205.605509 28.409672 0.75 1 
205.604731 28.409501 0.75 1 
205.603954 28.409330 0.75 1 
205.603173 28.409158 0.75 1 
205.602396 28.408988 0.75 1 
205.601618 28.408817 0.75 1 
205.615848 28.412575 0.75 1 
205.615070 28.412404 0.75 1 
205.614292 28.412233 0.75 1 
205.613515 28.412062 0.75 1 
205.612734 28.411891 0.75 1 
205.611957 28.411720 0.75 1 
205.611179 28.411549 0.75 1 
205.610401 28.411378 0.75 1 
205.609621 28.411206 0.75 1 
205.608843 28.411035 0.75 1 
205.608065 28.410864 0.75 1 
205.607288 28.410693 0.75 1 
205.606507 28.410521 0.75 1 
205.605730 28.410350 0.75 1 
205.604952 28.410179 0.75 1 
205.604174 28.410009 0.75 1 
205.603394 28.409837 0.75 1 
205.602616 28.409666 0.75 1 
205.601839 28.409495 0.75 1 
205.601061 28.409324 0.75 1 
205.615290 28.413085 0.75 1 
205.614512 28.412914 0.75 1 
205.613735 28.412743 0.75 1 
205.612954 28.412572 0.75 1 
205.612176 28.412401 0.75 1 
205.611399 28.412230 0.75 1 
205.610621 28.412059 0.75 1 
205.609840 28.411887 0.75 1 
205.609063 28.411716 0.75 1 
205.608285 28.411545 0.75 1 
205.607508 28.411374 0.75 1 
205.606730 28.411203 0.75 1 
205.605949 28.411032 0.75 1 
205.605172 28.410861 0.75 1 
205.604394 28.410690 0.75 1 
205.603617 28.410519 0.75 1 
205.602836 28.410347 0.75 1 
205.602058 28.410176 0.75 1 
205.601281 28.410005 0.75 1 
205.615510 28.413764 0.75 1 
205.614733 28.413593 0.75 1 
205.613955 28.413422 0.75 1 
205.613178 28.413251 0.75 1 
205.612397 28.413079 0.75 1 
205.611619 28.412908 0.75 1 
205.610842 28.412737 0.75 1 
205.610064 28.412566 0.75 1 
205.609283 28.412394 0.75 1 
205.608506 28.412224 0.75 1 
