205.655548 28.387385 0.75 1 
205.655354 28.388069 0.75 1 
205.655160 28.388754 0.75 1 
205.654965 28.389441 0.75 1 
205.654771 28.390126 0.75 1 
205.654576 28.390810 0.75 1 
205.654382 28.391495 0.75 1 
205.654187 28.392182 0.75 1 
205.653993 28.392866 0.75 1 
205.653799 28.393551 0.75 1 
205.653605 28.394235 0.75 1 
205.653410 28.394920 0.75 1 
205.653215 28.395607 0.75 1 
205.653021 28.396292 0.75 1 
205.652827 28.396976 0.75 1 
205.652633 28.397661 0.75 1 
205.652438 28.398348 0.75 1 
205.652243 28.399032 0.75 1 
205.652049 28.399717 0.75 1 
205.654969 28.386894 0.75 1 
205.654775 28.387578 0.75 1 
205.654580 28.388263 0.75 1 
205.654386 28.388947 0.75 1 
205.654191 28.389635 0.75 1 
205.653997 28.390319 0.75 1 
205.653803 28.391004 0.75 1 
205.653608 28.391688 0.75 1 
205.653413 28.392375 0.75 1 
205.653219 28.393060 0.75 1 
205.653025 28.393744 0.75 1 
205.652831 28.394429 0.75 1 
205.652636 28.395116 0.75 1 
205.652442 28.395801 0.75 1 
205.652247 28.396485 0.75 1 
205.652053 28.397170 0.75 1 
205.651858 28.397857 0.75 1 
205.651664 28.398541 0.75 1 
205.651470 28.399226 0.75 1 
205.651276 28.399911 0.75 1 
205.654198 28.387088 0.75 1 
205.654004 28.387772 0.75 1 
205.653810 28.388457 0.75 1 
205.653615 28.389144 0.75 1 
205.653421 28.389829 0.75 1 
205.653226 28.390513 0.75 1 
205.653032 28.391198 0.75 1 
205.652837 28.391885 0.75 1 
205.652643 28.392570 0.75 1 
205.652449 28.393254 0.75 1 
205.652254 28.393939 0.75 1 
205.652060 28.394623 0.75 1 
205.651865 28.395310 0.75 1 
205.651671 28.395995 0.75 1 
205.651477 28.396679 0.75 1 
205.651283 28.397364 0.75 1 
205.651088 28.398051 0.75 1 
205.650893 28.398736 0.75 1 
205.650699 28.399420 0.75 1 
205.653622 28.386598 0.75 1 
205.653428 28.387282 0.75 1 
205.653233 28.387967 0.75 1 
205.653039 28.388651 0.75 1 
205.652844 28.389338 0.75 1 
205.652650 28.390023 0.75 1 
205.652456 28.390707 0.75 1 
205.652261 28.391392 0.75 1 
205.652066 28.392079 0.75 1 
205.651872 28.392764 0.75 1 
205.651678 28.393448 0.75 1 
205.651484 28.394133 0.75 1 
205.651289 28.394820 0.75 1 
205.651095 28.395504 0.75 1 
205.650900 28.396189 0.75 1 
205.650706 28.396874 0.75 1 
205.650511 28.397561 0.75 1 
205.650317 28.398245 0.75 1 
205.650123 28.398930 0.75 1 
205.649929 28.399614 0.75 1 
205.652848 28.386791 0.75 1 
205.652654 28.387476 0.75 1 
205.652460 28.388160 0.75 1 
205.652265 28.388847 0.75 1 
205.652070 28.389532 0.75 1 
205.651876 28.390216 0.75 1 
205.651682 28.390901 0.75 1 
205.651487 28.391588 0.75 1 
205.651293 28.392273 0.75 1 
205.651099 28.392957 0.75 1 
205.650904 28.393642 0.75 1 
205.650710 28.394326 0.75 1 
205.650515 28.395013 0.75 1 
205.650321 28.395698 0.75 1 
205.650127 28.396383 0.75 1 
205.649932 28.397067 0.75 1 
205.649738 28.397754 0.75 1 
205.649543 28.398439 0.75 1 
205.649349 28.399123 0.75 1 
205.652272 28.386301 0.75 1 
205.652077 28.386985 0.75 1 
205.651883 28.387670 0.75 1 
205.651689 28.388354 0.75 1 
205.651494 28.389042 0.75 1 
205.651300 28.389726 0.75 1 
205.651106 28.390411 0.75 1 
205.650911 28.391095 0.75 1 
205.650716 28.391782 0.75 1 
205.650522 28.392467 0.75 1 
205.650328 28.393151 0.75 1 
205.650134 28.393836 0.75 1 
205.649939 28.394523 0.75 1 
205.649745 28.395208 0.75 1 
205.649550 28.395892 0.75 1 
205.649356 28.396577 0.75 1 
205.649161 28.397264 0.75 1 
205.648967 28.397948 0.75 1 
205.648773 28.398633 0.75 1 
205.648578 28.399318 0.75 1 
205.651501 28.386495 0.75 1 
205.651307 28.387179 0.75 1 
205.651113 28.387864 0.75 1 
205.650918 28.388551 0.75 1 
205.650723 28.389236 0.75 1 
205.650529 28.389920 0.75 1 
205.650335 28.390605 0.75 1 
205.650140 28.391292 0.75 1 
205.649946 28.391976 0.75 1 
205.649752 28.392661 0.75 1 
205.649557 28.393346 0.75 1 
205.649363 28.394030 0.75 1 
205.649168 28.394717 0.75 1 
205.648974 28.395402 0.75 1 
205.648780 28.396086 0.75 1 
205.648585 28.396771 0.75 1 
205.648390 28.397458 0.75 1 
205.648196 28.398143 0.75 1 
205.648002 28.398827 0.75 1 
205.650922 28.386004 0.75 1 
205.650727 28.386688 0.75 1 
205.650533 28.387373 0.75 1 
205.650339 28.388057 0.75 1 
205.650144 28.388745 0.75 1 
205.649950 28.389429 0.75 1 
205.649755 28.390114 0.75 1 
205.649561 28.390798 0.75 1 
205.649366 28.391485 0.75 1 
205.649172 28.392170 0.75 1 
205.648978 28.392855 0.75 1 
205.648784 28.393539 0.75 1 
205.648589 28.394226 0.75 1 
205.648394 28.394911 0.75 1 
205.648200 28.395595 0.75 1 
205.648006 28.396280 0.75 1 
205.647811 28.396967 0.75 1 
205.647617 28.397652 0.75 1 
205.647423 28.398336 0.75 1 
205.647228 28.399021 0.75 1 
205.650151 28.386198 0.75 1 
205.649957 28.386883 0.75 1 
205.649762 28.387567 0.75 1 
205.649568 28.388254 0.75 1 
205.649373 28.388939 0.75 1 
205.649179 28.389623 0.75 1 
205.648985 28.390308 0.75 1 
205.648790 28.390995 0.75 1 
205.648596 28.391680 0.75 1 
205.648401 28.392364 0.75 1 
205.648207 28.393049 0.75 1 
205.648013 28.393733 0.75 1 
205.647818 28.394420 0.75 1 
205.647624 28.395105 0.75 1 
205.647430 28.395790 0.75 1 
205.647235 28.396474 0.75 1 
205.647040 28.397161 0.75 1 
205.646846 28.397846 0.75 1 
205.646652 28.398530 0.75 1 
205.649575 28.385708 0.75 1 
205.649380 28.386392 0.75 1 
205.649186 28.387077 0.75 1 
205.648992 28.387761 0.75 1 
205.648797 28.388449 0.75 1 
205.648603 28.389133 0.75 1 
205.648408 28.389818 0.75 1 
205.648214 28.390502 0.75 1 
205.648019 28.391189 0.75 1 
205.647825 28.391874 0.75 1 
205.647631 28.392558 0.75 1 
205.647437 28.393243 0.75 1 
205.647242 28.393930 0.75 1 
205.647047 28.394615 0.75 1 
205.646853 28.395299 0.75 1 
205.646659 28.395984 0.75 1 
205.646464 28.396671 0.75 1 
205.646270 28.397355 0.75 1 
205.646076 28.398040 0.75 1 
205.645881 28.398724 0.75 1 
205.648801 28.385901 0.75 1 
205.648607 28.386586 0.75 1 
205.648412 28.387270 0.75 1 
205.648217 28.387957 0.75 1 
205.648023 28.388642 0.75 1 
205.647829 28.389327 0.75 1 
205.647635 28.390011 0.75 1 
205.647440 28.390698 0.75 1 
205.647246 28.391383 0.75 1 
205.647051 28.392067 0.75 1 
205.646857 28.392752 0.75 1 
205.646663 28.393436 0.75 1 
205.646468 28.394124 0.75 1 
205.646274 28.394808 0.75 1 
205.646079 28.395493 0.75 1 
205.645885 28.396177 0.75 1 
205.645690 28.396864 0.75 1 
205.645496 28.397549 0.75 1 
205.645302 28.398233 0.75 1 
205.648224 28.385411 0.75 1 
205.648030 28.386095 0.75 1 
205.647836 28.386780 0.75 1 
205.647642 28.387464 0.75 1 
205.647447 28.388152 0.75 1 
205.647253 28.388836 0.75 1 
205.647058 28.389521 0.75 1 
205.646864 28.390205 0.75 1 
205.646669 28.390892 0.75 1 
205.646475 28.391577 0.75 1 
205.646281 28.392262 0.75 1 
205.646086 28.392946 0.75 1 
205.645892 28.393633 0.75 1 
205.645697 28.394318 0.75 1 
205.645503 28.395002 0.75 1 
205.645309 28.395687 0.75 1 
205.645114 28.396374 0.75 1 
205.644920 28.397059 0.75 1 
205.644725 28.397743 0.75 1 
205.644531 28.398428 0.75 1 
205.647454 28.385605 0.75 1 
205.647260 28.386290 0.75 1 
205.647065 28.386974 0.75 1 
205.646870 28.387661 0.75 1 
205.646676 28.388346 0.75 1 
205.646482 28.389030 0.75 1 
205.646288 28.389715 0.75 1 
205.646093 28.390402 0.75 1 
205.645899 28.391087 0.75 1 
205.645704 28.391771 0.75 1 
205.645510 28.392456 0.75 1 
205.645316 28.393140 0.75 1 
205.645121 28.393827 0.75 1 
205.644927 28.394512 0.75 1 
205.644732 28.395197 0.75 1 
205.644538 28.395881 0.75 1 
205.644343 28.396568 0.75 1 
205.644149 28.397253 0.75 1 
205.643955 28.397937 0.75 1 
205.646874 28.385114 0.75 1 
205.646680 28.385799 0.75 1 
205.646486 28.386483 0.75 1 
205.646292 28.387168 0.75 1 
205.646097 28.387855 0.75 1 
205.645902 28.388539 0.75 1 
205.645708 28.389224 0.75 1 
205.645514 28.389908 0.75 1 
205.645319 28.390596 0.75 1 
205.645125 28.391280 0.75 1 
205.644931 28.391965 0.75 1 
205.644736 28.392649 0.75 1 
205.644541 28.393336 0.75 1 
205.644347 28.394021 0.75 1 
205.644153 28.394705 0.75 1 
205.643959 28.395390 0.75 1 
205.643764 28.396077 0.75 1 
205.643570 28.396762 0.75 1 
205.643375 28.397446 0.75 1 
205.643181 28.398131 0.75 1 
205.646104 28.385308 0.75 1 
205.645909 28.385993 0.75 1 
205.645715 28.386677 0.75 1 
205.645520 28.387364 0.75 1 
205.645326 28.388049 0.75 1 
205.645132 28.388734 0.75 1 
205.644938 28.389418 0.75 1 
205.644743 28.390105 0.75 1 
205.644548 28.390790 0.75 1 
205.644354 28.391474 0.75 1 
205.644160 28.392159 0.75 1 
205.643966 28.392843 0.75 1 
205.643771 28.393531 0.75 1 
205.643577 28.394215 0.75 1 
205.643382 28.394900 0.75 1 
205.643188 28.395584 0.75 1 
205.642993 28.396271 0.75 1 
205.642799 28.396956 0.75 1 
205.642605 28.397640 0.75 1 
205.645527 28.384818 0.75 1 
205.645333 28.385502 0.75 1 
205.645139 28.386187 0.75 1 
205.644945 28.386871 0.75 1 
205.644750 28.387559 0.75 1 
205.644555 28.388243 0.75 1 
205.644361 28.388928 0.75 1 
205.644167 28.389612 0.75 1 
205.643972 28.390299 0.75 1 
205.643778 28.390984 0.75 1 
205.643584 28.391669 0.75 1 
205.643389 28.392353 0.75 1 
205.643194 28.393040 0.75 1 
205.643000 28.393725 0.75 1 
205.642806 28.394409 0.75 1 
205.642612 28.395094 0.75 1 
205.642417 28.395781 0.75 1 
205.642223 28.396466 0.75 1 
205.642028 28.397150 0.75 1 
205.641834 28.397835 0.75 1 
205.644754 28.385011 0.75 1 
205.644559 28.385696 0.75 1 
205.644365 28.386380 0.75 1 
205.644170 28.387068 0.75 1 
205.643976 28.387752 0.75 1 
205.643782 28.388437 0.75 1 
205.643588 28.389121 0.75 1 
205.643393 28.389808 0.75 1 
205.643198 28.390493 0.75 1 
205.643004 28.391177 0.75 1 
205.642810 28.391862 0.75 1 
205.642616 28.392547 0.75 1 
205.642421 28.393234 0.75 1 
205.642226 28.393918 0.75 1 
205.642032 28.394603 0.75 1 
205.641838 28.395287 0.75 1 
205.641643 28.395975 0.75 1 
205.641449 28.396659 0.75 1 
205.641255 28.397344 0.75 1 
205.644177 28.384521 0.75 1 
205.643983 28.385206 0.75 1 
205.643789 28.385890 0.75 1 
205.643595 28.386575 0.75 1 
205.643400 28.387262 0.75 1 
205.643205 28.387946 0.75 1 
205.643011 28.388631 0.75 1 
205.642817 28.389315 0.75 1 
205.642622 28.390003 0.75 1 
205.642428 28.390687 0.75 1 
205.642233 28.391372 0.75 1 
205.642039 28.392056 0.75 1 
205.641844 28.392743 0.75 1 
205.641650 28.393428 0.75 1 
205.641456 28.394112 0.75 1 
205.641262 28.394797 0.75 1 
205.641067 28.395484 0.75 1 
205.640872 28.396169 0.75 1 
205.640678 28.396853 0.75 1 
205.640484 28.397538 0.75 1 
205.643407 28.384715 0.75 1 
205.643212 28.385400 0.75 1 
205.643018 28.386084 0.75 1 
205.642823 28.386771 0.75 1 
205.642629 28.387456 0.75 1 
205.642435 28.388141 0.75 1 
205.642241 28.388825 0.75 1 
205.642046 28.389512 0.75 1 
205.641851 28.390197 0.75 1 
205.641657 28.390881 0.75 1 
205.641463 28.391566 0.75 1 
205.641269 28.392250 0.75 1 
205.641074 28.392938 0.75 1 
205.640879 28.393622 0.75 1 
205.640685 28.394307 0.75 1 
205.640491 28.394991 0.75 1 
205.640296 28.395678 0.75 1 
205.640102 28.396363 0.75 1 
205.639908 28.397047 0.75 1 
205.642827 28.384224 0.75 1 
205.642633 28.384909 0.75 1 
205.642439 28.385593 0.75 1 
205.642244 28.386278 0.75 1 
205.642049 28.386965 0.75 1 
205.641855 28.387649 0.75 1 
205.641661 28.388334 0.75 1 
205.641467 28.389019 0.75 1 
205.641272 28.389706 0.75 1 
205.641078 28.390390 0.75 1 
205.640883 28.391075 0.75 1 
205.640689 28.391759 0.75 1 
205.640494 28.392447 0.75 1 
205.640300 28.393131 0.75 1 
205.640106 28.393816 0.75 1 
205.639912 28.394500 0.75 1 
205.639717 28.395187 0.75 1 
205.639522 28.395872 0.75 1 
205.639328 28.396556 0.75 1 
205.639134 28.397241 0.75 1 
205.642056 28.384418 0.75 1 
205.641862 28.385103 0.75 1 
205.641668 28.385787 0.75 1 
205.641473 28.386475 0.75 1 
205.641279 28.387159 0.75 1 
205.641085 28.387844 0.75 1 
205.640890 28.388528 0.75 1 
205.640695 28.389215 0.75 1 
205.640501 28.389900 0.75 1 
205.640307 28.390584 0.75 1 
205.640113 28.391269 0.75 1 
205.639919 28.391954 0.75 1 
205.639724 28.392641 0.75 1 
205.639529 28.393325 0.75 1 
205.639335 28.394010 0.75 1 
205.639141 28.394694 0.75 1 
205.638946 28.395382 0.75 1 
205.638752 28.396066 0.75 1 
205.638557 28.396751 0.75 1 
205.641480 28.383928 0.75 1 
205.641286 28.384613 0.75 1 
205.641092 28.385297 0.75 1 
205.640897 28.385982 0.75 1 
205.640702 28.386669 0.75 1 
205.640508 28.387353 0.75 1 
205.640314 28.388038 0.75 1 
205.640120 28.388722 0.75 1 
205.639925 28.389410 0.75 1 
205.639731 28.390094 0.75 1 
205.639536 28.390779 0.75 1 
205.639342 28.391463 0.75 1 
205.639147 28.392150 0.75 1 
205.638953 28.392835 0.75 1 
205.638759 28.393519 0.75 1 
205.638565 28.394204 0.75 1 
205.638370 28.394891 0.75 1 
205.638175 28.395576 0.75 1 
205.637981 28.396260 0.75 1 
205.637787 28.396945 0.75 1 
205.640706 28.384121 0.75 1 
205.640512 28.384806 0.75 1 
205.640318 28.385491 0.75 1 
205.640123 28.386178 0.75 1 
205.639929 28.386862 0.75 1 
205.639735 28.387547 0.75 1 
205.639540 28.388231 0.75 1 
205.639345 28.388919 0.75 1 
205.639151 28.389603 0.75 1 
205.638957 28.390288 0.75 1 
205.638763 28.390972 0.75 1 
205.638568 28.391657 0.75 1 
205.638373 28.392344 0.75 1 
205.638179 28.393028 0.75 1 
205.637985 28.393713 0.75 1 
205.637791 28.394397 0.75 1 
205.637596 28.395085 0.75 1 
205.637402 28.395769 0.75 1 
205.637207 28.396454 0.75 1 
