205.638634 28.419211 0.75 1 
205.638440 28.419896 0.75 1 
205.638245 28.420583 0.75 1 
205.638051 28.421268 0.75 1 
205.637857 28.421952 0.75 1 
205.637662 28.422637 0.75 1 
205.637467 28.423324 0.75 1 
205.637273 28.424008 0.75 1 
205.637079 28.424693 0.75 1 
205.636885 28.425378 0.75 1 
205.639807 28.412555 0.75 1 
205.639613 28.413239 0.75 1 
205.639419 28.413924 0.75 1 
205.639224 28.414611 0.75 1 
205.639030 28.415296 0.75 1 
205.638836 28.415980 0.75 1 
205.638641 28.416665 0.75 1 
205.638446 28.417352 0.75 1 
205.638252 28.418037 0.75 1 
205.638058 28.418721 0.75 1 
205.637864 28.419406 0.75 1 
205.637669 28.420090 0.75 1 
205.637475 28.420777 0.75 1 
205.637280 28.421462 0.75 1 
205.637086 28.422146 0.75 1 
205.636892 28.422831 0.75 1 
205.636697 28.423518 0.75 1 
205.636503 28.424203 0.75 1 
205.636308 28.424887 0.75 1 
205.639228 28.412064 0.75 1 
205.639034 28.412748 0.75 1 
205.638840 28.413433 0.75 1 
205.638645 28.414117 0.75 1 
205.638450 28.414805 0.75 1 
205.638256 28.415489 0.75 1 
205.638062 28.416174 0.75 1 
205.637868 28.416858 0.75 1 
205.637673 28.417546 0.75 1 
205.637478 28.418230 0.75 1 
205.637284 28.418915 0.75 1 
205.637090 28.419599 0.75 1 
205.636895 28.420286 0.75 1 
205.636701 28.420971 0.75 1 
205.636507 28.421655 0.75 1 
205.636312 28.422340 0.75 1 
205.636117 28.423027 0.75 1 
205.635923 28.423712 0.75 1 
205.635729 28.424396 0.75 1 
205.635535 28.425081 0.75 1 
205.638457 28.412258 0.75 1 
205.638263 28.412943 0.75 1 
205.638069 28.413627 0.75 1 
205.637874 28.414314 0.75 1 
205.637680 28.414999 0.75 1 
205.637485 28.415683 0.75 1 
205.637291 28.416368 0.75 1 
205.637096 28.417055 0.75 1 
205.636902 28.417740 0.75 1 
205.636708 28.418424 0.75 1 
205.636514 28.419109 0.75 1 
205.636319 28.419793 0.75 1 
205.636124 28.420481 0.75 1 
205.635930 28.421165 0.75 1 
205.635736 28.421850 0.75 1 
205.635542 28.422534 0.75 1 
205.635347 28.423221 0.75 1 
205.635153 28.423906 0.75 1 
205.634958 28.424590 0.75 1 
205.637881 28.411768 0.75 1 
205.637687 28.412452 0.75 1 
205.637492 28.413137 0.75 1 
205.637298 28.413821 0.75 1 
205.637103 28.414509 0.75 1 
205.636909 28.415193 0.75 1 
205.636715 28.415878 0.75 1 
205.636521 28.416562 0.75 1 
205.636326 28.417249 0.75 1 
205.636131 28.417934 0.75 1 
205.635937 28.418618 0.75 1 
205.635743 28.419303 0.75 1 
205.635548 28.419990 0.75 1 
205.635354 28.420675 0.75 1 
205.635160 28.421359 0.75 1 
205.634965 28.422044 0.75 1 
205.634770 28.422731 0.75 1 
205.634576 28.423415 0.75 1 
205.634382 28.424100 0.75 1 
205.634188 28.424785 0.75 1 
205.637107 28.411961 0.75 1 
205.636913 28.412646 0.75 1 
205.636719 28.413330 0.75 1 
205.636524 28.414018 0.75 1 
205.636330 28.414702 0.75 1 
205.636135 28.415387 0.75 1 
205.635941 28.416071 0.75 1 
205.635746 28.416758 0.75 1 
205.635552 28.417443 0.75 1 
205.635358 28.418127 0.75 1 
205.635164 28.418812 0.75 1 
205.634969 28.419496 0.75 1 
205.634774 28.420184 0.75 1 
205.634580 28.420868 0.75 1 
205.634386 28.421553 0.75 1 
205.634192 28.422237 0.75 1 
205.633997 28.422924 0.75 1 
205.633802 28.423609 0.75 1 
205.633608 28.424294 0.75 1 
205.636531 28.411471 0.75 1 
205.636337 28.412155 0.75 1 
205.636142 28.412840 0.75 1 
205.635948 28.413524 0.75 1 
205.635753 28.414212 0.75 1 
205.635559 28.414896 0.75 1 
205.635365 28.415581 0.75 1 
205.635171 28.416265 0.75 1 
205.634976 28.416953 0.75 1 
205.634781 28.417637 0.75 1 
205.634587 28.418322 0.75 1 
205.634393 28.419006 0.75 1 
205.634198 28.419693 0.75 1 
205.634004 28.420378 0.75 1 
205.633809 28.421062 0.75 1 
205.633615 28.421747 0.75 1 
205.633420 28.422434 0.75 1 
205.633226 28.423119 0.75 1 
205.633032 28.423803 0.75 1 
205.632838 28.424488 0.75 1 
205.635760 28.411665 0.75 1 
205.635566 28.412350 0.75 1 
205.635372 28.413034 0.75 1 
205.635177 28.413721 0.75 1 
205.634983 28.414406 0.75 1 
205.634788 28.415090 0.75 1 
205.634594 28.415775 0.75 1 
205.634399 28.416462 0.75 1 
205.634205 28.417147 0.75 1 
205.634011 28.417831 0.75 1 
205.633816 28.418516 0.75 1 
205.633622 28.419200 0.75 1 
205.633427 28.419887 0.75 1 
205.633233 28.420572 0.75 1 
205.633039 28.421257 0.75 1 
205.632845 28.421941 0.75 1 
205.632650 28.422628 0.75 1 
205.632455 28.423313 0.75 1 
205.632261 28.423997 0.75 1 
205.635181 28.411174 0.75 1 
205.634987 28.411859 0.75 1 
205.634792 28.412543 0.75 1 
205.634598 28.413228 0.75 1 
205.634403 28.413915 0.75 1 
205.634209 28.414599 0.75 1 
205.634015 28.415284 0.75 1 
205.633820 28.415968 0.75 1 
205.633625 28.416656 0.75 1 
205.633431 28.417340 0.75 1 
205.633237 28.418025 0.75 1 
205.633043 28.418709 0.75 1 
205.632848 28.419396 0.75 1 
205.632654 28.420081 0.75 1 
205.632459 28.420766 0.75 1 
205.632265 28.421450 0.75 1 
205.632070 28.422137 0.75 1 
205.631876 28.422822 0.75 1 
205.631682 28.423506 0.75 1 
205.631488 28.424191 0.75 1 
205.634410 28.411368 0.75 1 
205.634216 28.412053 0.75 1 
205.634022 28.412737 0.75 1 
205.633827 28.413425 0.75 1 
205.633632 28.414109 0.75 1 
205.633438 28.414794 0.75 1 
205.633244 28.415478 0.75 1 
205.633049 28.416165 0.75 1 
205.632855 28.416850 0.75 1 
205.632661 28.417534 0.75 1 
205.632466 28.418219 0.75 1 
205.632272 28.418903 0.75 1 
205.632077 28.419591 0.75 1 
205.631883 28.420275 0.75 1 
205.631689 28.420960 0.75 1 
205.631495 28.421644 0.75 1 
205.631300 28.422331 0.75 1 
205.631105 28.423016 0.75 1 
205.630911 28.423701 0.75 1 
205.633834 28.410878 0.75 1 
205.633639 28.411562 0.75 1 
205.633445 28.412247 0.75 1 
205.633251 28.412931 0.75 1 
205.633056 28.413619 0.75 1 
205.632862 28.414303 0.75 1 
205.632668 28.414988 0.75 1 
205.632473 28.415672 0.75 1 
205.632278 28.416359 0.75 1 
205.632084 28.417044 0.75 1 
205.631890 28.417729 0.75 1 
205.631696 28.418413 0.75 1 
205.631501 28.419100 0.75 1 
205.631307 28.419785 0.75 1 
205.631112 28.420469 0.75 1 
205.630918 28.421154 0.75 1 
205.630723 28.421841 0.75 1 
205.630529 28.422526 0.75 1 
205.630335 28.423210 0.75 1 
205.630140 28.423895 0.75 1 
205.633060 28.411071 0.75 1 
205.632866 28.411756 0.75 1 
205.632672 28.412440 0.75 1 
205.632477 28.413128 0.75 1 
205.632282 28.413812 0.75 1 
205.632088 28.414497 0.75 1 
205.631894 28.415181 0.75 1 
205.631699 28.415868 0.75 1 
205.631505 28.416553 0.75 1 
205.631311 28.417238 0.75 1 
205.631116 28.417922 0.75 1 
205.630922 28.418607 0.75 1 
205.630727 28.419294 0.75 1 
205.630533 28.419978 0.75 1 
205.630339 28.420663 0.75 1 
205.630144 28.421347 0.75 1 
205.629949 28.422035 0.75 1 
205.629755 28.422719 0.75 1 
205.629561 28.423404 0.75 1 
205.647902 28.414335 0.75 1 
205.647708 28.415019 0.75 1 
205.647513 28.415704 0.75 1 
205.647318 28.416391 0.75 1 
205.647124 28.417075 0.75 1 
205.646930 28.417760 0.75 1 
205.646736 28.418445 0.75 1 
205.646541 28.419132 0.75 1 
205.646347 28.419816 0.75 1 
205.646152 28.420501 0.75 1 
205.645958 28.421185 0.75 1 
205.645764 28.421870 0.75 1 
205.645569 28.422557 0.75 1 
205.645375 28.423242 0.75 1 
205.645181 28.423926 0.75 1 
205.644986 28.424611 0.75 1 
205.644791 28.425298 0.75 1 
205.644597 28.425982 0.75 1 
205.644403 28.426667 0.75 1 
205.647322 28.413844 0.75 1 
205.647128 28.414528 0.75 1 
205.646934 28.415213 0.75 1 
205.646740 28.415897 0.75 1 
205.646545 28.416584 0.75 1 
205.646351 28.417269 0.75 1 
205.646156 28.417953 0.75 1 
205.645962 28.418638 0.75 1 
205.645767 28.419325 0.75 1 
205.645573 28.420010 0.75 1 
205.645379 28.420694 0.75 1 
205.645184 28.421379 0.75 1 
205.644989 28.422066 0.75 1 
205.644795 28.422751 0.75 1 
205.644601 28.423435 0.75 1 
205.644407 28.424120 0.75 1 
205.644212 28.424807 0.75 1 
205.644018 28.425491 0.75 1 
205.643823 28.426176 0.75 1 
205.643629 28.426860 0.75 1 
205.646552 28.414038 0.75 1 
205.646358 28.414722 0.75 1 
205.646163 28.415407 0.75 1 
205.645968 28.416094 0.75 1 
205.645774 28.416779 0.75 1 
205.645580 28.417463 0.75 1 
205.645386 28.418148 0.75 1 
205.645191 28.418835 0.75 1 
205.644996 28.419519 0.75 1 
205.644802 28.420204 0.75 1 
205.644608 28.420888 0.75 1 
205.644414 28.421573 0.75 1 
205.644219 28.422260 0.75 1 
205.644025 28.422945 0.75 1 
205.643830 28.423629 0.75 1 
205.643636 28.424314 0.75 1 
205.643441 28.425001 0.75 1 
205.643247 28.425686 0.75 1 
205.643053 28.426370 0.75 1 
205.645975 28.413547 0.75 1 
205.645781 28.414232 0.75 1 
205.645587 28.414917 0.75 1 
205.645393 28.415601 0.75 1 
205.645198 28.416288 0.75 1 
205.645003 28.416973 0.75 1 
205.644809 28.417657 0.75 1 
205.644615 28.418342 0.75 1 
205.644420 28.419029 0.75 1 
205.644226 28.419714 0.75 1 
205.644032 28.420398 0.75 1 
205.643837 28.421083 0.75 1 
205.643642 28.421770 0.75 1 
205.643448 28.422454 0.75 1 
205.643254 28.423139 0.75 1 
205.643060 28.423823 0.75 1 
205.642865 28.424511 0.75 1 
205.642671 28.425195 0.75 1 
205.642476 28.425880 0.75 1 
205.642282 28.426564 0.75 1 
205.645202 28.413741 0.75 1 
205.645007 28.414425 0.75 1 
205.644813 28.415110 0.75 1 
205.644618 28.415797 0.75 1 
205.644424 28.416482 0.75 1 
205.644230 28.417166 0.75 1 
205.644036 28.417851 0.75 1 
205.643841 28.418538 0.75 1 
205.643646 28.419223 0.75 1 
205.643452 28.419907 0.75 1 
205.643258 28.420592 0.75 1 
205.643064 28.421276 0.75 1 
205.642869 28.421963 0.75 1 
205.642675 28.422648 0.75 1 
205.642480 28.423332 0.75 1 
205.642286 28.424017 0.75 1 
205.642091 28.424704 0.75 1 
205.641897 28.425389 0.75 1 
205.641703 28.426073 0.75 1 
205.644625 28.413251 0.75 1 
205.644431 28.413935 0.75 1 
205.644237 28.414620 0.75 1 
205.644043 28.415304 0.75 1 
205.643848 28.415991 0.75 1 
205.643653 28.416676 0.75 1 
205.643459 28.417360 0.75 1 
205.643265 28.418045 0.75 1 
205.643070 28.418732 0.75 1 
205.642876 28.419417 0.75 1 
205.642682 28.420101 0.75 1 
205.642487 28.420786 0.75 1 
205.642292 28.421473 0.75 1 
205.642098 28.422158 0.75 1 
205.641904 28.422842 0.75 1 
205.641710 28.423527 0.75 1 
205.641515 28.424214 0.75 1 
205.641320 28.424898 0.75 1 
205.641126 28.425583 0.75 1 
205.640932 28.426267 0.75 1 
205.643855 28.413445 0.75 1 
205.643660 28.414129 0.75 1 
205.643466 28.414814 0.75 1 
205.643271 28.415501 0.75 1 
205.643077 28.416186 0.75 1 
205.642883 28.416870 0.75 1 
205.642689 28.417555 0.75 1 
205.642494 28.418242 0.75 1 
205.642299 28.418926 0.75 1 
205.642105 28.419611 0.75 1 
205.641911 28.420295 0.75 1 
205.641717 28.420980 0.75 1 
205.641522 28.421667 0.75 1 
205.641328 28.422352 0.75 1 
205.641133 28.423036 0.75 1 
205.640939 28.423721 0.75 1 
205.640744 28.424408 0.75 1 
205.640550 28.425093 0.75 1 
205.640356 28.425777 0.75 1 
205.643275 28.412954 0.75 1 
205.643081 28.413638 0.75 1 
205.642887 28.414323 0.75 1 
205.642693 28.415007 0.75 1 
205.642498 28.415695 0.75 1 
205.642303 28.416379 0.75 1 
205.642109 28.417064 0.75 1 
205.641915 28.417748 0.75 1 
205.641720 28.418435 0.75 1 
205.641526 28.419120 0.75 1 
205.641331 28.419804 0.75 1 
205.641137 28.420489 0.75 1 
205.640942 28.421176 0.75 1 
205.640748 28.421861 0.75 1 
205.640554 28.422545 0.75 1 
205.640360 28.423230 0.75 1 
205.640165 28.423917 0.75 1 
205.639970 28.424602 0.75 1 
205.639776 28.425286 0.75 1 
205.639582 28.425971 0.75 1 
205.642505 28.413148 0.75 1 
205.642310 28.413832 0.75 1 
205.642116 28.414517 0.75 1 
205.641921 28.415204 0.75 1 
205.641727 28.415889 0.75 1 
205.641533 28.416573 0.75 1 
205.641338 28.417258 0.75 1 
205.641143 28.417945 0.75 1 
205.640949 28.418630 0.75 1 
205.640755 28.419314 0.75 1 
205.640561 28.419999 0.75 1 
205.640367 28.420683 0.75 1 
205.640172 28.421370 0.75 1 
205.639977 28.422055 0.75 1 
205.639783 28.422739 0.75 1 
205.639589 28.423424 0.75 1 
205.639394 28.424111 0.75 1 
205.639200 28.424796 0.75 1 
205.639006 28.425480 0.75 1 
205.641928 28.412658 0.75 1 
205.641734 28.413342 0.75 1 
205.641540 28.414027 0.75 1 
205.641345 28.414711 0.75 1 
205.641150 28.415398 0.75 1 
205.640956 28.416083 0.75 1 
205.640762 28.416767 0.75 1 
205.640568 28.417452 0.75 1 
205.640373 28.418139 0.75 1 
205.640179 28.418824 0.75 1 
205.639984 28.419508 0.75 1 
205.639790 28.420193 0.75 1 
205.639595 28.420880 0.75 1 
205.639401 28.421565 0.75 1 
205.639207 28.422249 0.75 1 
205.639013 28.422934 0.75 1 
205.638818 28.423621 0.75 1 
205.638623 28.424305 0.75 1 
205.638429 28.424990 0.75 1 
205.638235 28.425674 0.75 1 
205.641154 28.412851 0.75 1 
205.640960 28.413536 0.75 1 
205.640766 28.414220 0.75 1 
205.640571 28.414907 0.75 1 
205.640377 28.415592 0.75 1 
205.640183 28.416276 0.75 1 
205.639988 28.416961 0.75 1 
205.639793 28.417648 0.75 1 
205.639599 28.418333 0.75 1 
205.639405 28.419017 0.75 1 
205.639211 28.419702 0.75 1 
205.639017 28.420386 0.75 1 
205.638822 28.421074 0.75 1 
205.638627 28.421758 0.75 1 
205.638433 28.422443 0.75 1 
205.638239 28.423127 0.75 1 
205.638044 28.423814 0.75 1 
205.637850 28.424499 0.75 1 
205.637655 28.425183 0.75 1 
205.640578 28.412361 0.75 1 
205.640384 28.413045 0.75 1 
205.640190 28.413730 0.75 1 
205.639995 28.414414 0.75 1 
205.639800 28.415102 0.75 1 
205.639606 28.415786 0.75 1 
205.639412 28.416471 0.75 1 
205.639218 28.417155 0.75 1 
205.639023 28.417842 0.75 1 
205.638829 28.418527 0.75 1 
