1.000000000000000000e+00 1.251821722594547509e+03 3.147198476947199879e+02
2.000000000000000000e+00 1.255999943446571706e+03 3.195873106192822206e+02
3.000000000000000000e+00 1.260178508267406869e+03 3.244588619442532149e+02
4.000000000000000000e+00 1.264367270624006778e+03 3.293466627089258054e+02
5.000000000000000000e+00 1.268545750196071140e+03 3.342136767141248015e+02
6.000000000000000000e+00 1.272715494476796948e+03 3.390853313980919097e+02
7.000000000000000000e+00 1.276894146308228301e+03 3.439520465949904633e+02
8.000000000000000000e+00 1.281083254926843892e+03 3.488392471827621648e+02
9.000000000000000000e+00 1.285262337611858584e+03 3.537099004411970213e+02
1.000000000000000000e+01 1.289441248125845277e+03 3.585761667092203311e+02
1.100000000000000000e+01 1.293620503190118370e+03 3.634465208565636658e+02
1.200000000000000000e+01 1.297790506511022159e+03 3.683130416277588211e+02
1.300000000000000000e+01 1.301989385894678435e+03 3.732031755665641981e+02
1.400000000000000000e+01 1.306159561815437428e+03 3.780693971989515489e+02
1.500000000000000000e+01 1.310339161983784834e+03 3.829391527947142322e+02
1.600000000000000000e+01 1.314518589514837004e+03 3.878045217835551739e+02
1.700000000000000000e+01 1.318708477102743927e+03 3.926903717353054049e+02
1.800000000000000000e+01 1.322888336119106270e+03 3.975596781934969499e+02
1.900000000000000000e+01 1.327058942919965375e+03 4.024251529044781250e+02
2.000000000000000000e+01 1.253977038539680507e+03 3.086508715081717469e+02
2.100000000000000000e+01 1.258155409362015689e+03 3.135226156580075667e+02
2.200000000000000000e+01 1.262324529131632289e+03 3.183905241763542904e+02
2.300000000000000000e+01 1.266503072382500022e+03 3.232619693941654191e+02
2.400000000000000000e+01 1.270691813096462738e+03 3.281496636884503459e+02
2.500000000000000000e+01 1.274870529121144045e+03 3.330208093121632942e+02
2.600000000000000000e+01 1.279049073303469868e+03 3.378875677879692603e+02
2.700000000000000000e+01 1.283218882256574489e+03 3.427589669218716608e+02
2.800000000000000000e+01 1.287417048765077880e+03 3.476455081904180702e+02
2.900000000000000000e+01 1.291595851635606323e+03 3.525118177397272348e+02
3.000000000000000000e+01 1.295765919525998243e+03 3.573827682582409011e+02
3.100000000000000000e+01 1.299944894634654929e+03 3.622487789945428176e+02
3.200000000000000000e+01 1.304134586424409918e+03 3.671395098689576457e+02
3.300000000000000000e+01 1.308313734116218711e+03 3.720052211300940712e+02
3.400000000000000000e+01 1.312492967875363775e+03 3.768707829306524673e+02
3.500000000000000000e+01 1.316663467069211492e+03 3.817409862185144789e+02
3.600000000000000000e+01 1.320862325958852125e+03 3.866263255205024052e+02
3.700000000000000000e+01 1.325042077253885282e+03 3.914956752329915730e+02
3.800000000000000000e+01 1.329212576416888169e+03 3.963611930369420406e+02
3.900000000000000000e+01 1.333392500060330804e+03 4.012302437975653788e+02
4.000000000000000000e+01 1.260284543463774980e+03 3.074723888267740790e+02
4.100000000000000000e+01 1.264462893040058589e+03 3.123440269486392253e+02
4.200000000000000000e+01 1.268631991580006570e+03 3.172118295098140948e+02
4.300000000000000000e+01 1.272829961791489723e+03 3.221032531681223645e+02
4.400000000000000000e+01 1.277008312481287248e+03 3.269702045202882346e+02
4.500000000000000000e+01 1.281177927755686142e+03 3.318417962000876287e+02
4.600000000000000000e+01 1.285356450707460908e+03 3.367084487457329374e+02
4.700000000000000000e+01 1.289545429902106434e+03 3.415955862529938258e+02
4.800000000000000000e+01 1.293724383598649638e+03 3.464661767314933059e+02
4.900000000000000000e+01 1.297903165237225721e+03 3.513323803510501193e+02
5.000000000000000000e+01 1.302073211874925619e+03 3.562032248166879640e+02
5.100000000000000000e+01 1.306252165750184759e+03 3.610691296236572612e+02
5.200000000000000000e+01 1.310450657104954871e+03 3.659549634987167792e+02
5.300000000000000000e+01 1.314620962655728817e+03 3.708253593437076461e+02
5.400000000000000000e+01 1.318800175179839243e+03 3.756908152154682057e+02
5.500000000000000000e+01 1.322979732507649260e+03 3.805603585112936571e+02
5.600000000000000000e+01 1.327169490683993672e+03 3.854461453908666613e+02
5.700000000000000000e+01 1.331349220724016504e+03 3.903153890777952029e+02
5.800000000000000000e+01 1.335519698647939322e+03 3.951808009274118945e+02
5.900000000000000000e+01 1.262423147987398579e+03 3.014259475825659251e+02
6.000000000000000000e+01 1.266592052997524661e+03 3.062939426506025029e+02
6.100000000000000000e+01 1.270770381329794418e+03 3.111654747440025517e+02
6.200000000000000000e+01 1.274948538166152957e+03 3.160326196288730216e+02
6.300000000000000000e+01 1.279137407519683848e+03 3.209244885449483604e+02
6.400000000000000000e+01 1.283315736982086037e+03 3.257913339663737133e+02
6.500000000000000000e+01 1.287485073039590816e+03 3.306585821592559000e+02
6.600000000000000000e+01 1.291663832731256662e+03 3.355293662080240438e+02
6.700000000000000000e+01 1.295861870080358131e+03 3.404158447610232656e+02
6.800000000000000000e+01 1.300031723055399425e+03 3.452868817763187508e+02
6.900000000000000000e+01 1.304210483463317814e+03 3.501529794662625363e+02
7.000000000000000000e+01 1.308389588292505096e+03 3.550231648088911811e+02
7.100000000000000000e+01 1.312578892458186374e+03 3.599095955096385637e+02
7.200000000000000000e+01 1.316757911528398381e+03 3.647752442684617904e+02
7.300000000000000000e+01 1.320928195826308183e+03 3.696455340609529685e+02
7.400000000000000000e+01 1.325107387117074950e+03 3.745108840036579068e+02
7.500000000000000000e+01 1.329297296188330165e+03 3.794009512998131868e+02
7.600000000000000000e+01 1.333476660044970686e+03 3.842660017642208459e+02
7.700000000000000000e+01 1.337656368831615737e+03 3.891351394255029277e+02
7.800000000000000000e+01 1.341835904878455949e+03 3.939998909003127210e+02
7.900000000000000000e+01 1.268747812476973195e+03 3.002295906028807622e+02
8.000000000000000000e+01 1.272926033061514318e+03 3.051011659367085826e+02
8.100000000000000000e+01 1.277095002709193977e+03 3.099689056194591785e+02
8.200000000000000000e+01 1.281292585674670136e+03 3.148560287537007412e+02
8.300000000000000000e+01 1.285461985697192176e+03 3.197277068421194599e+02
8.400000000000000000e+01 1.289640293612325877e+03 3.245944462539467850e+02
8.500000000000000000e+01 1.293818945566059028e+03 3.294652735466812601e+02
8.600000000000000000e+01 1.298007795343363341e+03 3.343523479710028141e+02
8.700000000000000000e+01 1.302186620057512755e+03 3.392228756681237201e+02
8.800000000000000000e+01 1.306365272826872797e+03 3.440890166376276511e+02
8.900000000000000000e+01 1.310535190471252463e+03 3.489597981021050259e+02
9.000000000000000000e+01 1.314714015480157514e+03 3.538256402609194993e+02
9.100000000000000000e+01 1.318903298004126327e+03 3.587119644921111785e+02
9.200000000000000000e+01 1.323082553999471202e+03 3.635817441263950514e+02
9.300000000000000000e+01 1.327261637661461464e+03 3.684471373526534421e+02
9.400000000000000000e+01 1.331441066016475816e+03 3.733166178735968401e+02
9.500000000000000000e+01 1.335630694787689663e+03 3.782023416789289740e+02
9.600000000000000000e+01 1.339810037080098937e+03 3.830672859669973036e+02
9.700000000000000000e+01 1.343980644911245236e+03 3.879368715792168700e+02
9.800000000000000000e+01 1.270877496848271221e+03 2.941839426400194952e+02
9.900000000000000000e+01 1.275055352536420287e+03 2.990513238353738643e+02
1.000000000000000000e+02 1.279233551880556888e+03 3.039227931403455045e+02
1.010000000000000000e+02 1.283411579842137144e+03 3.087898753678737762e+02
1.020000000000000000e+02 1.287600061958087736e+03 3.136774436351824988e+02
1.030000000000000000e+02 1.291778520254848445e+03 3.185484638331514020e+02
1.040000000000000000e+02 1.295947727427752852e+03 3.234156491501788651e+02
1.050000000000000000e+02 1.300126358138174282e+03 3.282863704152507580e+02
1.060000000000000000e+02 1.304315186600435027e+03 3.331733384490905223e+02
1.070000000000000000e+02 1.308493731987675574e+03 3.380395230093697592e+02
1.080000000000000000e+02 1.312672621612880903e+03 3.429097951579763617e+02
1.090000000000000000e+02 1.316851339233520321e+03 3.477756807403117136e+02
1.100000000000000000e+02 1.321040772223979047e+03 3.526662853419941825e+02
1.110000000000000000e+02 1.325219662432867153e+03 3.575318714531621822e+02
1.120000000000000000e+02 1.329389817745297478e+03 3.624020982470317449e+02
1.130000000000000000e+02 1.333568880177835126e+03 3.672673855438586088e+02
1.140000000000000000e+02 1.337758401125360251e+03 3.721531529765573509e+02
1.150000000000000000e+02 1.341937894735527152e+03 3.770223774546777804e+02
1.160000000000000000e+02 1.346117215796448136e+03 3.818872158138333930e+02
1.170000000000000000e+02 1.350287802375758019e+03 3.867566953740486042e+02
1.180000000000000000e+02 1.277194142312067925e+03 2.930052673428675689e+02
1.190000000000000000e+02 1.281362897209402263e+03 2.978730935726333655e+02
1.200000000000000000e+02 1.285541075314916270e+03 3.027444568488506320e+02
1.210000000000000000e+02 1.289729449659645979e+03 3.076320686683849885e+02
1.220000000000000000e+02 1.293907542860215699e+03 3.124988950211758265e+02
1.230000000000000000e+02 1.298085979916549377e+03 3.173698091908615879e+02
1.240000000000000000e+02 1.302264245374170059e+03 3.222363365723533661e+02
1.250000000000000000e+02 1.306452965987183916e+03 3.271233480570321035e+02
1.260000000000000000e+02 1.310631661971420954e+03 3.319938131146852243e+02
1.270000000000000000e+02 1.314801106645360051e+03 3.368604440608601749e+02
1.280000000000000000e+02 1.318979975027247974e+03 3.417306101820649360e+02
1.290000000000000000e+02 1.323158671422198495e+03 3.465963898343406981e+02
1.300000000000000000e+02 1.327348083078684795e+03 3.514868879488355446e+02
1.310000000000000000e+02 1.331526952060852636e+03 3.563523681301505803e+02
1.320000000000000000e+02 1.335706165553080837e+03 3.612219355420770626e+02
1.330000000000000000e+02 1.339876127330345071e+03 3.660876702383753809e+02
1.340000000000000000e+02 1.344074706366781356e+03 3.709727776149316014e+02
1.350000000000000000e+02 1.348245099322764872e+03 3.758424497333770091e+02
1.360000000000000000e+02 1.352424399154226194e+03 3.807071821635862534e+02
1.370000000000000000e+02 1.279340858379996916e+03 2.869375715890485594e+02
1.380000000000000000e+02 1.283518842490460429e+03 2.918091276830804190e+02
1.390000000000000000e+02 1.287696655408985407e+03 2.966762967674124525e+02
1.400000000000000000e+02 1.291865732393748203e+03 3.015481050431981771e+02
1.410000000000000000e+02 1.296063164649101054e+03 3.064350589452644726e+02
1.420000000000000000e+02 1.300241493968035229e+03 3.113060163560012938e+02
1.430000000000000000e+02 1.304410572262927417e+03 3.161731387954038155e+02
1.440000000000000000e+02 1.308589073998538197e+03 3.210437972748737820e+02
1.450000000000000000e+02 1.312777773053357350e+03 3.259307022239374874e+02
1.460000000000000000e+02 1.316956189580217142e+03 3.307968241309812356e+02
1.470000000000000000e+02 1.321134950234726375e+03 3.356670334968898715e+02
1.480000000000000000e+02 1.325304459527656945e+03 3.405334090548053609e+02
1.490000000000000000e+02 1.329502584277967344e+03 3.454191610329880859e+02
1.500000000000000000e+02 1.333681603828518746e+03 3.502889212799076972e+02
1.510000000000000000e+02 1.337851371815174389e+03 3.551548484168450841e+02
1.520000000000000000e+02 1.342030563742132472e+03 3.600243097227455564e+02
1.530000000000000000e+02 1.346219955293230896e+03 3.649100140782506401e+02
1.540000000000000000e+02 1.350399319942172951e+03 3.697791757801300605e+02
1.550000000000000000e+02 1.354578512155360386e+03 3.746439514945199107e+02
1.560000000000000000e+02 1.358748969762255228e+03 3.795133680589298137e+02
1.570000000000000000e+02 1.285657534399533233e+03 2.857590760199308306e+02
1.580000000000000000e+02 1.289826417691001552e+03 2.906310768291727982e+02
1.590000000000000000e+02 1.294004209392928033e+03 2.954981399815002874e+02
1.600000000000000000e+02 1.298192711752938749e+03 3.003899260442744321e+02
1.610000000000000000e+02 1.302370676090158668e+03 3.052566897387259814e+02
1.620000000000000000e+02 1.306548726521260733e+03 3.101233039810094851e+02
1.630000000000000000e+02 1.310718041246777375e+03 3.149945576027054699e+02
1.640000000000000000e+02 1.314915711977908813e+03 3.198809542442888869e+02
1.650000000000000000e+02 1.319094278992355157e+03 3.247513565170719403e+02
1.660000000000000000e+02 1.323263594796052303e+03 3.296179245881048701e+02
1.670000000000000000e+02 1.327442334211043772e+03 3.344880279262652039e+02
1.680000000000000000e+02 1.331620901752165992e+03 3.393537449266124781e+02
1.690000000000000000e+02 1.335809925720528327e+03 3.442399431414665969e+02
1.700000000000000000e+02 1.339988924029976715e+03 3.491095973608465783e+02
1.710000000000000000e+02 1.344158670791201075e+03 3.539754185418783550e+02
1.720000000000000000e+02 1.348337841475923142e+03 3.588447738202568189e+02
1.730000000000000000e+02 1.352527211713067800e+03 3.637303717859228414e+02
1.740000000000000000e+02 1.356706555118289089e+03 3.685994274611655328e+02
1.750000000000000000e+02 1.360885726105615959e+03 3.734640972462172499e+02
1.760000000000000000e+02 1.287787537254104109e+03 2.797139117105276682e+02
1.770000000000000000e+02 1.291965135451878268e+03 2.845811677263534420e+02
1.780000000000000000e+02 1.296133997508888569e+03 2.894530624799773477e+02
1.790000000000000000e+02 1.300311767995815217e+03 2.943200197001952461e+02
1.800000000000000000e+02 1.304509071105238945e+03 2.992069108775651785e+02
1.810000000000000000e+02 1.308678192153557120e+03 3.040783570364861248e+02
1.820000000000000000e+02 1.312856221367758735e+03 3.089448653472842921e+02
1.830000000000000000e+02 1.317034594380880890e+03 3.138154611833139143e+02
1.840000000000000000e+02 1.321223164281526806e+03 3.187023031906476263e+02
1.850000000000000000e+02 1.325401710059245715e+03 3.235725994350647738e+02
1.860000000000000000e+02 1.329571004642225034e+03 3.284390615490436289e+02
1.870000000000000000e+02 1.333749722819337876e+03 3.333090588589954564e+02
1.880000000000000000e+02 1.337938639036640780e+03 3.381953006305863596e+02
1.890000000000000000e+02 1.342117271798444335e+03 3.430607617531796336e+02
1.900000000000000000e+02 1.346296248868250586e+03 3.479303099449722936e+02
1.910000000000000000e+02 1.350475053848661446e+03 3.527954720885405777e+02
1.920000000000000000e+02 1.354664574642408752e+03 3.576853499068021733e+02
1.930000000000000000e+02 1.358843552196426799e+03 3.625502125778967297e+02
1.940000000000000000e+02 1.363013536401748752e+03 3.674154793769625940e+02
1.950000000000000000e+02 1.367192944700924727e+03 3.722842795006597498e+02
1.960000000000000000e+02 1.294112294678942135e+03 2.785180954794712420e+02
1.970000000000000000e+02 1.298290128581800218e+03 2.833894827509492416e+02
1.980000000000000000e+02 1.302467791424038751e+03 2.882564832412136866e+02
1.990000000000000000e+02 1.306655906878975884e+03 2.931439689439765743e+02
2.000000000000000000e+02 1.310833999748354927e+03 2.980149071166029557e+02
2.010000000000000000e+02 1.315011921323766728e+03 3.028814586997004312e+02
2.020000000000000000e+02 1.319181107069438440e+03 3.077526493111305967e+02
2.030000000000000000e+02 1.323378648415614862e+03 3.126389830865965678e+02
2.040000000000000000e+02 1.327547749185054272e+03 3.175056376303612069e+02
2.050000000000000000e+02 1.331726273406564815e+03 3.223758277666821641e+02
2.060000000000000000e+02 1.335904625945142243e+03 3.272416316332694919e+02
2.070000000000000000e+02 1.340083322554611641e+03 3.321115226669204503e+02
2.080000000000000000e+02 1.344272217131219350e+03 3.369976577985628978e+02
2.090000000000000000e+02 1.348451086483955578e+03 3.418672492360034880e+02
2.100000000000000000e+02 1.352620704388281183e+03 3.467330075446498654e+02
2.110000000000000000e+02 1.356799746119169185e+03 3.516023000430403158e+02
2.120000000000000000e+02 1.360988986969792904e+03 3.564878349296649276e+02
2.130000000000000000e+02 1.365167942981837086e+03 3.613525915914961502e+02
2.140000000000000000e+02 1.369347243573483638e+03 3.662214349646297364e+02
2.150000000000000000e+02 1.296251536516168471e+03 2.724726227206122076e+02
2.160000000000000000e+02 1.300429005855200330e+03 2.773398160721851582e+02
2.170000000000000000e+02 1.304597738929260004e+03 2.822116478107772650e+02
2.180000000000000000e+02 1.308775380560297435e+03 2.870785423685381943e+02
2.190000000000000000e+02 1.312963474713932555e+03 2.919659216788005551e+02
2.200000000000000000e+02 1.317141546352767364e+03 2.968367538221237965e+02
2.210000000000000000e+02 1.321319446715193408e+03 3.017031994731212308e+02
2.220000000000000000e+02 1.325497690765869947e+03 3.065737325202881607e+02
2.230000000000000000e+02 1.329686131271704880e+03 3.114605114394210545e+02
2.240000000000000000e+02 1.333864290342863342e+03 3.163265081782433299e+02
2.250000000000000000e+02 1.338033713812772248e+03 3.211971441333281518e+02
2.260000000000000000e+02 1.342212045135697736e+03 3.260628420685892479e+02
2.270000000000000000e+02 1.346401089861051332e+03 3.309532573453677742e+02
2.280000000000000000e+02 1.350579593780857294e+03 3.358186558148852328e+02
2.290000000000000000e+02 1.354758441897837656e+03 3.406881412242680085e+02
2.300000000000000000e+02 1.358937118038755443e+03 3.455532407167723363e+02
2.310000000000000000e+02 1.363126251062933761e+03 3.504388190573053521e+02
2.320000000000000000e+02 1.367305358054135013e+03 3.553078553457714861e+02
2.330000000000000000e+02 1.371475213410212291e+03 3.601730592752289795e+02
2.340000000000000000e+02 1.375654492763419967e+03 3.650417966211246039e+02
2.350000000000000000e+02 1.302558936870417938e+03 2.712907990719556324e+02
2.360000000000000000e+02 1.306736642052771458e+03 2.761621236924198683e+02
2.370000000000000000e+02 1.310914176287278451e+03 2.810290616626887186e+02
2.380000000000000000e+02 1.315102419868898551e+03 2.859207214246400781e+02
2.390000000000000000e+02 1.319280126744320114e+03 2.907873599406959215e+02
2.400000000000000000e+02 1.323449097583162938e+03 2.956586370316216517e+02
2.410000000000000000e+02 1.327626976734157324e+03 3.005249767507339129e+02
2.420000000000000000e+02 1.331815309408544636e+03 3.054117992859511901e+02
2.430000000000000000e+02 1.335993618758795947e+03 3.102820762960100183e+02
2.440000000000000000e+02 1.340171756616939092e+03 3.151479671033221734e+02
2.450000000000000000e+02 1.344350238362922255e+03 3.200179450137711115e+02
2.460000000000000000e+02 1.348519468961874736e+03 3.248840890074783943e+02
2.470000000000000000e+02 1.352717571854062953e+03 3.297738454680525706e+02
2.480000000000000000e+02 1.356886975069221535e+03 3.346396903343485292e+02
2.490000000000000000e+02 1.361065801952149286e+03 3.395090697156707620e+02
2.500000000000000000e+02 1.365244456876637287e+03 3.443740632775388235e+02
2.510000000000000000e+02 1.369433568594347889e+03 3.492595352275322966e+02
2.520000000000000000e+02 1.373612654349833520e+03 3.541284654883410212e+02
2.530000000000000000e+02 1.377782488486008333e+03 3.589935634613854631e+02
2.540000000000000000e+02 1.304715469210479569e+03 2.652275192334082021e+02
2.550000000000000000e+02 1.308893066655221673e+03 2.700988870875697216e+02
2.560000000000000000e+02 1.313061413644538334e+03 2.749664187693003896e+02
2.570000000000000000e+02 1.317239183534263248e+03 2.798374877026700460e+02
2.580000000000000000e+02 1.321427148293888195e+03 2.847248039193656837e+02
2.590000000000000000e+02 1.325605090974019276e+03 2.895955732699917462e+02
2.600000000000000000e+02 1.329782862491072365e+03 2.944619562596762421e+02
2.610000000000000000e+02 1.333951640548696560e+03 2.993287410867206972e+02
2.620000000000000000e+02 1.338149288703183856e+03 3.042191423453860466e+02
2.630000000000000000e+02 1.342327318932904973e+03 3.090850764257697278e+02
2.640000000000000000e+02 1.346496613437099313e+03 3.139556493714827070e+02
2.650000000000000000e+02 1.350674815921377785e+03 3.188212846501220383e+02
2.660000000000000000e+02 1.354863473290837192e+03 3.237074003158055007e+02
2.670000000000000000e+02 1.359042106235650863e+03 3.285769725250721081e+02
2.680000000000000000e+02 1.363220567395062517e+03 3.334421588848102829e+02
2.690000000000000000e+02 1.367390293243553515e+03 3.383119846282069716e+02
2.700000000000000000e+02 1.371588376360626853e+03 3.431969472482871879e+02
2.710000000000000000e+02 1.375758274959828896e+03 3.480664737314292552e+02
2.720000000000000000e+02 1.379937080922913992e+03 3.529310618132618060e+02
2.730000000000000000e+02 1.384116231336340206e+03 3.577997363798001516e+02
2.740000000000000000e+02 1.311023157158587082e+03 2.640501122935446006e+02
2.750000000000000000e+02 1.315200733380670499e+03 2.689213741170092931e+02
2.760000000000000000e+02 1.319369059162758504e+03 2.737887998397152387e+02
2.770000000000000000e+02 1.323565995680687138e+03 2.786756090807266446e+02
2.780000000000000000e+02 1.327743830877361688e+03 2.835464218110484467e+02
2.790000000000000000e+02 1.331912415431471800e+03 2.884133991386604521e+02
2.800000000000000000e+02 1.336090423056784402e+03 2.932839129449966435e+02
2.810000000000000000e+02 1.340278626345296743e+03 2.981706723886757118e+02
2.820000000000000000e+02 1.344456806744624373e+03 3.030408866086951321e+02
2.830000000000000000e+02 1.348634815765288067e+03 3.079067147570247585e+02
2.840000000000000000e+02 1.352804089039779001e+03 3.127771816473721742e+02
2.850000000000000000e+02 1.356982270313537583e+03 3.176427109943542746e+02
2.860000000000000000e+02 1.361170906382873682e+03 3.225287202685496482e+02
2.870000000000000000e+02 1.365349518097642431e+03 3.273981864493854346e+02
2.880000000000000000e+02 1.369527958044870502e+03 3.322632668780232734e+02
2.890000000000000000e+02 1.373706742133226271e+03 3.371324339545736848e+02
2.900000000000000000e+02 1.377895724477236399e+03 3.420178428218080171e+02
2.910000000000000000e+02 1.382074423075503773e+03 3.468824743263734831e+02
2.920000000000000000e+02 1.386244386591361945e+03 3.517517454020999139e+02
2.930000000000000000e+02 1.313162717469347399e+03 2.580051236425233014e+02
2.940000000000000000e+02 1.317330849728368776e+03 2.628727418583567328e+02
2.950000000000000000e+02 1.321508404729086124e+03 2.677438976512517570e+02
2.960000000000000000e+02 1.325685788912898033e+03 2.726106670228581947e+02
2.970000000000000000e+02 1.329873624531952601e+03 2.774979202885142513e+02
2.980000000000000000e+02 1.334051438505738361e+03 2.823686269885982369e+02
2.990000000000000000e+02 1.338220001852815358e+03 2.872354983573636673e+02
3.000000000000000000e+02 1.342397988254142547e+03 2.921059061337381308e+02
3.010000000000000000e+02 1.346595249802329818e+03 2.969920079490948410e+02
3.020000000000000000e+02 1.350764329420811691e+03 3.018626673754743592e+02
3.030000000000000000e+02 1.354942317233778567e+03 3.067283895918190524e+02
3.040000000000000000e+02 1.359120648805182327e+03 3.115981986847575058e+02
3.050000000000000000e+02 1.363309177120671848e+03 3.164842513423564014e+02
3.060000000000000000e+02 1.367487423620450045e+03 3.213495246444438749e+02
3.070000000000000000e+02 1.371656934602603087e+03 3.262194368762784507e+02
3.080000000000000000e+02 1.375835353339527273e+03 3.310844113736042118e+02
3.090000000000000000e+02 1.380024227872176652e+03 3.359698638614255515e+02
3.100000000000000000e+02 1.384203077241376832e+03 3.408387748980932201e+02
3.110000000000000000e+02 1.388381754627518148e+03 3.457033004717656013e+02
3.120000000000000000e+02 1.392560776353685469e+03 3.505719124010037149e+02
3.130000000000000000e+02 1.319487567831228034e+03 2.568098481888373499e+02
3.140000000000000000e+02 1.323665015099259790e+03 2.616810472138291175e+02
3.150000000000000000e+02 1.327833212026847150e+03 2.665484100476600133e+02
3.160000000000000000e+02 1.332030019173218079e+03 2.714351564133759780e+02
3.170000000000000000e+02 1.336198645821440323e+03 2.763064568821742455e+02
3.180000000000000000e+02 1.340376181123624519e+03 2.811728207897286325e+02
3.190000000000000000e+02 1.344554059801676431e+03 2.860432718021532423e+02
3.200000000000000000e+02 1.348742133710547705e+03 2.909299681529456620e+02
3.210000000000000000e+02 1.352919927735538295e+03 2.957958831561402349e+02
3.220000000000000000e+02 1.357098065354745586e+03 3.006658850686986284e+02
3.230000000000000000e+02 1.361266952093433019e+03 3.055320526516961195e+02
3.240000000000000000e+02 1.365445262118917981e+03 3.104017556358739398e+02
3.250000000000000000e+02 1.369633768815561552e+03 3.152877018215855287e+02
3.260000000000000000e+02 1.373812251592761640e+03 3.201571052151160757e+02
3.270000000000000000e+02 1.377990562715594706e+03 3.250221229878366103e+02
3.280000000000000000e+02 1.382169217868678970e+03 3.298912272793022566e+02
3.290000000000000000e+02 1.386358070845539487e+03 3.347765730618964994e+02
3.300000000000000000e+02 1.390536640623450921e+03 3.396411419133518734e+02
3.310000000000000000e+02 1.394706475194655923e+03 3.445103499850040407e+02
3.320000000000000000e+02 1.321617951135479643e+03 2.507614145946793087e+02
3.330000000000000000e+02 1.325795290926994767e+03 2.556326571633989602e+02
3.340000000000000000e+02 1.329972460092512165e+03 2.604995133782955463e+02
3.350000000000000000e+02 1.334149972324224791e+03 2.653704568613907213e+02
3.360000000000000000e+02 1.338337678561998473e+03 2.702576470300384130e+02
3.370000000000000000e+02 1.342515363589529215e+03 2.751282909339566345e+02
3.380000000000000000e+02 1.346683798089946094e+03 2.799950994164993290e+02
3.390000000000000000e+02 1.350861655547888859e+03 2.848654443985745957e+02
3.400000000000000000e+02 1.355049708164591038e+03 2.897520343564806353e+02
3.410000000000000000e+02 1.359227480986389310e+03 2.946178434269577338e+02
3.420000000000000000e+02 1.363405597383661416e+03 2.994877393098919924e+02
3.430000000000000000e+02 1.367583542455069164e+03 3.043532494137508024e+02
3.440000000000000000e+02 1.371772198962429684e+03 3.092434751801569632e+02
3.450000000000000000e+02 1.375950316638794902e+03 3.141086858241720279e+02
3.460000000000000000e+02 1.380119698673104722e+03 3.189785350469861669e+02
3.470000000000000000e+02 1.384297988589578608e+03 3.238434468879178212e+02
3.480000000000000000e+02 1.388486733757403726e+03 3.287288362899232084e+02
3.490000000000000000e+02 1.392665454196813471e+03 3.335976845418358039e+02
3.500000000000000000e+02 1.396844002766563335e+03 3.384621474619715968e+02
3.510000000000000000e+02 1.401013816108819356e+03 3.433312494791606468e+02
3.520000000000000000e+02 1.327934779724766031e+03 2.495838164671669119e+02
3.530000000000000000e+02 1.332103018647979752e+03 2.544555026425141477e+02
3.540000000000000000e+02 1.336280166615827738e+03 2.593222529235105753e+02
3.550000000000000000e+02 1.340468021963920137e+03 2.642137233179926170e+02
3.560000000000000000e+02 1.344645342581005025e+03 2.690801741503138373e+02
3.570000000000000000e+02 1.348823006391044146e+03 2.739507120237412892e+02
3.580000000000000000e+02 1.353000499281764178e+03 2.788168638962423529e+02
3.590000000000000000e+02 1.357188444064051964e+03 2.837034972968049260e+02
3.600000000000000000e+02 1.361366366826686090e+03 2.885735860750357347e+02
3.610000000000000000e+02 1.365535038875726059e+03 2.934398402011679536e+02
3.620000000000000000e+02 1.369713134052611622e+03 2.983096300540373704e+02
3.630000000000000000e+02 1.373891057921510765e+03 3.031750342255104442e+02
3.640000000000000000e+02 1.378079435498401836e+03 3.080609174659254563e+02
3.650000000000000000e+02 1.382257789590207722e+03 3.129302582143165523e+02
3.660000000000000000e+02 1.386426892630798420e+03 3.177957654738468136e+02
3.670000000000000000e+02 1.390605419111665697e+03 3.226648072907391338e+02
3.680000000000000000e+02 1.394803222473886308e+03 3.275495379622566361e+02
3.690000000000000000e+02 1.398972842199556908e+03 3.324188325240669997e+02
3.700000000000000000e+02 1.403151369562486479e+03 3.372831895127583834e+02
3.710000000000000000e+02 1.330082711657729760e+03 2.435218153775679752e+02
3.720000000000000000e+02 1.334259922503872531e+03 2.483929951445954885e+02
3.730000000000000000e+02 1.338436962837284000e+03 2.532597886892577321e+02
3.740000000000000000e+02 1.342605266491934344e+03 2.581312193213292403e+02
3.750000000000000000e+02 1.346801922989468267e+03 2.630177964420975059e+02
3.760000000000000000e+02 1.350979222078055045e+03 2.678841410931941027e+02
3.770000000000000000e+02 1.355147784736994254e+03 2.727551231427889320e+02
3.780000000000000000e+02 1.359325256108813164e+03 2.776211690025764938e+02
3.790000000000000000e+02 1.363513436504912534e+03 2.825119321917784987e+02
3.800000000000000000e+02 1.367691080504448564e+03 2.873776785984742332e+02
3.810000000000000000e+02 1.371869067968610807e+03 2.922475116881950612e+02
3.820000000000000000e+02 1.376037804667802220e+03 2.971135104291904554e+02
3.830000000000000000e+02 1.380235153726174531e+03 3.019988856715635279e+02
3.840000000000000000e+02 1.384404320578973966e+03 3.068688212960462351e+02
3.850000000000000000e+02 1.388582395528485449e+03 3.117338199963147076e+02
3.860000000000000000e+02 1.392760814306344855e+03 3.166029050539290211e+02
3.870000000000000000e+02 1.396949430115685345e+03 3.214882313682579138e+02
3.880000000000000000e+02 1.401128021631808224e+03 3.263570168334436516e+02
3.890000000000000000e+02 1.405306441391174985e+03 3.312214170984761950e+02
3.900000000000000000e+02 1.409475867747062239e+03 3.360862205573718029e+02
3.910000000000000000e+02 1.336399570784816206e+03 2.423443968818249346e+02
3.920000000000000000e+02 1.340567680752772731e+03 2.472160200336966227e+02
3.930000000000000000e+02 1.344744699892428116e+03 2.520827076439688312e+02
3.940000000000000000e+02 1.348932168925760152e+03 2.569698783210881174e+02
3.950000000000000000e+02 1.353109617547745984e+03 2.618405029714825787e+02
3.960000000000000000e+02 1.357286895440965964e+03 2.667067416888245930e+02
3.970000000000000000e+02 1.361455436884028131e+03 2.715776176811757523e+02
3.980000000000000000e+02 1.365652331904780795e+03 2.764636375564140849e+02
3.990000000000000000e+02 1.369830125735784350e+03 2.813336635390551805e+02
4.000000000000000000e+02 1.373998668952312300e+03 2.861998547797064134e+02
4.010000000000000000e+02 1.378176635199759630e+03 2.910695818392010779e+02
4.020000000000000000e+02 1.382354430252835755e+03 2.959349233483064836e+02
4.030000000000000000e+02 1.386542678469663088e+03 3.008207434967763447e+02
4.040000000000000000e+02 1.390720903636216235e+03 3.056900214545861445e+02
4.050000000000000000e+02 1.394889877851246411e+03 3.105554658332039821e+02
4.060000000000000000e+02 1.399068275409898433e+03 3.154244448610847371e+02
4.070000000000000000e+02 1.403256869928013657e+03 3.203096647835452586e+02
4.080000000000000000e+02 1.407435182340351957e+03 3.251741086358223356e+02
4.090000000000000000e+02 1.411613838780063588e+03 3.300426385527916864e+02
4.100000000000000000e+02 1.338530529232192748e+03 2.363006838728600769e+02
4.110000000000000000e+02 1.342707354874125031e+03 2.411675643331052470e+02
4.120000000000000000e+02 1.346875443630618747e+03 2.460390814269747466e+02
4.130000000000000000e+02 1.351052441578292473e+03 2.509056631028241782e+02
4.140000000000000000e+02 1.355248968967481687e+03 2.557921774887570905e+02
4.150000000000000000e+02 1.359417316739955140e+03 2.606632460047467248e+02
4.160000000000000000e+02 1.363594573439613896e+03 2.655293787880112291e+02
4.170000000000000000e+02 1.367772173275347541e+03 2.703995983205755920e+02
4.180000000000000000e+02 1.371959967406435226e+03 2.752860622308397183e+02
4.190000000000000000e+02 1.376137740023414381e+03 2.801559821828845998e+02
4.200000000000000000e+02 1.380306262042091475e+03 2.850220674639985532e+02
4.210000000000000000e+02 1.384483949736365048e+03 2.898874525547694816e+02
4.220000000000000000e+02 1.388672347555471788e+03 2.947775521903013782e+02
4.230000000000000000e+02 1.392850207860209139e+03 2.996426378248675064e+02
4.240000000000000000e+02 1.397028411810216539e+03 3.045118097526878387e+02
4.250000000000000000e+02 1.401206444349988942e+03 3.093765964194118396e+02
4.260000000000000000e+02 1.405394931054132940e+03 3.142618597889121475e+02
4.270000000000000000e+02 1.409573393898881932e+03 3.191305826099340948e+02
4.280000000000000000e+02 1.413742605605351400e+03 3.239954726212644687e+02
4.290000000000000000e+02 1.417921240825673749e+03 3.288638965091434443e+02
4.300000000000000000e+02 1.344855472530138286e+03 2.351059491718607433e+02
4.310000000000000000e+02 1.349032276662118875e+03 2.399727236177392911e+02
4.320000000000000000e+02 1.353209423547555161e+03 2.448435850412371906e+02
4.330000000000000000e+02 1.357396763214674138e+03 2.497306926163738581e+02
4.340000000000000000e+02 1.361574082905523028e+03 2.546012544658569254e+02
4.350000000000000000e+02 1.365751231981023466e+03 2.594674305134350334e+02
4.360000000000000000e+02 1.369919644481889918e+03 2.643382434854281655e+02
4.370000000000000000e+02 1.374116410155880885e+03 2.692242004835620719e+02
4.380000000000000000e+02 1.378284738367738555e+03 2.740904781807543031e+02
4.390000000000000000e+02 1.382462489451556621e+03 2.789602920224575655e+02
4.400000000000000000e+02 1.386640069531412337e+03 2.838257203816407923e+02
4.410000000000000000e+02 1.390817993019411460e+03 2.886952351320872481e+02
4.420000000000000000e+02 1.395006111882396681e+03 2.935809921871512529e+02
4.430000000000000000e+02 1.399184208130508750e+03 2.984502073522485830e+02
4.440000000000000000e+02 1.403353053526213671e+03 3.033155888483165654e+02
4.450000000000000000e+02 1.407531322168670613e+03 3.081845050857979800e+02
4.460000000000000000e+02 1.411719787338480273e+03 3.130696619182236873e+02
4.470000000000000000e+02 1.415897970949392402e+03 3.179340431122281529e+02
4.480000000000000000e+02 1.420076498477260884e+03 3.228025102414403591e+02
