1.247041205032128801e+03 3.197276650376828115e+02
1.251219514936713267e+03 3.245951504958043756e+02
1.255398168886399162e+03 3.294667244274019708e+02
1.259587020670610400e+03 3.343545479371512101e+02
1.263765589291976084e+03 3.392215844740980515e+02
1.267935422707723546e+03 3.440932619177716560e+02
1.272114163586224777e+03 3.489599996449080663e+02
1.276303361627927188e+03 3.538472229754166278e+02
1.280482533435170353e+03 3.587178988362490486e+02
1.284661532992655566e+03 3.635841876327403952e+02
1.288840877176804497e+03 3.684545643814665823e+02
1.293010969548829280e+03 3.733211078349547734e+02
1.297209938417586727e+03 3.782112644315632224e+02
1.301380203387140455e+03 3.830775087449740113e+02
1.305559892671009948e+03 3.879472869394023746e+02
1.309739409239073666e+03 3.928126784526157849e+02
1.313929386239973610e+03 3.976985511411266430e+02
1.318109334368325563e+03 4.025678801961663567e+02
1.322280030212529482e+03 4.074333775847707102e+02
1.249196410328851925e+03 3.136585430364474973e+02
1.253374870279741799e+03 3.185303097943183843e+02
1.257544079109232598e+03 3.233982410016481595e+02
1.261722711486474054e+03 3.282697088263815886e+02
1.265911541625435575e+03 3.331574258662248553e+02
1.270090346774436284e+03 3.380285940954070156e+02
1.274268980002332455e+03 3.428953751023989867e+02
1.278438878086978320e+03 3.477667969957822152e+02
1.282637134006589122e+03 3.526533608518795404e+02
1.286816025919408276e+03 3.575196929304966034e+02
1.290986182937915828e+03 3.623906662065388673e+02
