3.226741875000000000e+05
2.591543750000000000e+05
2.499478437500000000e+05
2.506933906250000000e+05
3.365159062500000000e+05
3.805850312500000000e+05
5.341042500000000000e+05
3.114276250000000000e+05
2.755355625000000000e+05
3.219612812500000000e+05
2.200513906250000000e+05
2.260235781250000000e+05
3.009150312500000000e+05
5.082851875000000000e+05
2.809424687500000000e+05
2.253967812500000000e+05
2.453261250000000000e+05
3.144819687500000000e+05
3.658850937500000000e+05
4.133433750000000000e+05
1.125261250000000000e+06
2.840710000000000000e+05
2.407954843750000000e+05
2.862051250000000000e+05
2.864953750000000000e+05
3.074400625000000000e+05
2.540636562500000000e+05
2.353654218750000000e+05
2.308309531250000000e+05
2.266962187500000000e+05
2.280904531250000000e+05
2.388568437500000000e+05
4.438990937500000000e+05
3.058578750000000000e+05
2.460809375000000000e+05
3.163045312500000000e+05
4.394783437500000000e+05
2.990636250000000000e+05
2.684496562500000000e+05
4.666323125000000000e+05
3.471700000000000000e+05
2.358457031250000000e+05
2.298719843750000000e+05
2.378627500000000000e+05
2.806054062500000000e+05
2.652350000000000000e+05
3.623610937500000000e+05
2.545521875000000000e+05
4.338893750000000000e+05
2.736242500000000000e+05
2.370159062500000000e+05
2.506920000000000000e+05
2.554280937500000000e+05
2.884696250000000000e+05
2.580152187500000000e+05
5.012722812500000000e+05
3.355874687500000000e+05
2.907486875000000000e+05
4.506535000000000000e+05
2.951693750000000000e+05
4.132816562500000000e+05
2.375883437500000000e+05
2.451056250000000000e+05
2.506904843750000000e+05
2.702828125000000000e+05
2.718342500000000000e+05
2.771243750000000000e+05
3.017420312500000000e+05
2.361837812500000000e+05
2.660707500000000000e+05
3.360633750000000000e+05
2.324965000000000000e+05
2.702614062500000000e+05
3.535526250000000000e+05
3.060291875000000000e+05
5.107023125000000000e+05
3.809005000000000000e+05
3.870794375000000000e+05
4.132541875000000000e+05
3.841981250000000000e+05
2.552451875000000000e+05
2.532296875000000000e+05
4.869470625000000000e+05
2.510955000000000000e+05
2.470737968750000000e+05
2.540442812500000000e+05
2.582580312500000000e+05
2.797095312500000000e+05
2.489771406250000000e+05
3.134627187500000000e+05
2.451074375000000000e+05
2.581840000000000000e+05
3.765228125000000000e+05
1.373127625000000000e+06
4.647514062500000000e+05
5.850695000000000000e+05
5.006843125000000000e+05
3.921550937500000000e+05
2.715169375000000000e+05
2.682428125000000000e+05
3.677194687500000000e+05
2.973251875000000000e+05
3.207741875000000000e+05
2.745310625000000000e+05
4.256435625000000000e+05
3.159180000000000000e+05
2.565035312500000000e+05
2.998016875000000000e+05
5.901200625000000000e+05
3.644722187500000000e+05
2.975901250000000000e+05
2.629852500000000000e+05
4.352000000000000000e+05
3.770215000000000000e+05
2.574035312500000000e+05
2.536392187500000000e+05
2.400604531250000000e+05
2.277334062500000000e+05
2.439186406250000000e+05
4.144653125000000000e+05
3.593296250000000000e+05
3.247599375000000000e+05
2.557621562500000000e+05
3.625843437500000000e+05
3.193743750000000000e+05
3.445756250000000000e+05
2.304735937500000000e+05
4.855632500000000000e+05
8.911107500000000000e+05
2.903028750000000000e+05
2.390861406250000000e+05
2.441689375000000000e+05
2.810466562500000000e+05
2.686259687500000000e+05
2.684763437500000000e+05
3.173847187500000000e+05
2.304408437500000000e+05
2.328798437500000000e+05
3.264288437500000000e+05
6.331791250000000000e+05
3.686130000000000000e+05
2.374992500000000000e+05
2.556897812500000000e+05
2.553880625000000000e+05
2.461334375000000000e+05
2.310508593750000000e+05
3.102375625000000000e+05
3.857450000000000000e+05
2.492695781250000000e+05
3.070213437500000000e+05
2.888996875000000000e+05
2.595295312500000000e+05
4.078785937500000000e+05
2.883242500000000000e+05
3.364892812500000000e+05
2.300152343750000000e+05
2.451995312500000000e+05
2.332521562500000000e+05
3.111849375000000000e+05
3.884683437500000000e+05
2.959164375000000000e+05
2.713975312500000000e+05
6.716187500000000000e+05
2.908308437500000000e+05
2.495153125000000000e+05
2.248880625000000000e+05
2.257715937500000000e+05
2.254560312500000000e+05
2.577549687500000000e+05
4.079543437500000000e+05
2.852962500000000000e+05
3.615821875000000000e+05
5.768373750000000000e+05
2.617367187500000000e+05
3.689054687500000000e+05
2.742461875000000000e+05
4.010896875000000000e+05
2.445339531250000000e+05
2.408668281250000000e+05
2.222442812500000000e+05
2.399942812500000000e+05
4.332148437500000000e+05
3.319309375000000000e+05
3.049139375000000000e+05
4.005821875000000000e+05
2.148947656250000000e+05
2.073982187500000000e+05
3.508126250000000000e+05
2.508576875000000000e+05
2.316968593750000000e+05
2.614246875000000000e+05
2.503718750000000000e+05
2.561391406250000000e+05
2.519553906250000000e+05
2.987206875000000000e+05
4.618844375000000000e+05
5.867666250000000000e+05
2.391637187500000000e+05
2.064154687500000000e+05
2.047941718750000000e+05
2.646665625000000000e+05
3.026046250000000000e+05
2.525661875000000000e+05
3.655784375000000000e+05
2.505704375000000000e+05
2.460291250000000000e+05
2.346222031250000000e+05
2.674748437500000000e+05
4.859389375000000000e+05
2.568126718750000000e+05
2.673012812500000000e+05
3.173833750000000000e+05
2.820020625000000000e+05
5.355066250000000000e+05
2.557294062500000000e+05
2.947160625000000000e+05
3.058939375000000000e+05
1.920423750000000000e+05
1.960337968750000000e+05
2.007115000000000000e+05
1.997116875000000000e+05
2.219391875000000000e+05
2.183954375000000000e+05
2.012892500000000000e+05
1.958460312500000000e+05
2.100584531250000000e+05
2.741549687500000000e+05
2.210217500000000000e+05
2.147340625000000000e+05
2.037005000000000000e+05
1.958271875000000000e+05
2.119079375000000000e+05
3.212916875000000000e+05
2.296582031250000000e+05
2.936114375000000000e+05
2.674905500000000000e+06
9.571380625000000000e+05
2.695473750000000000e+05
4.333545000000000000e+05
2.965804375000000000e+05
3.570333125000000000e+05
2.868746875000000000e+05
2.606980781250000000e+05
3.182332500000000000e+05
2.200954062500000000e+05
5.262096250000000000e+05
2.775522812500000000e+05
2.288182500000000000e+05
2.322735156250000000e+05
2.302832968750000000e+05
2.293919218750000000e+05
2.176903437500000000e+05
2.137455937500000000e+05
2.548904375000000000e+05
1.214238250000000000e+06
4.295909000000000000e+06
5.868959375000000000e+05
4.417105000000000000e+05
3.375667812500000000e+05
2.535635937500000000e+05
4.741304375000000000e+05
2.902560000000000000e+05
3.748490625000000000e+05
2.450262187500000000e+05
2.737120000000000000e+05
3.038338750000000000e+05
2.514065625000000000e+05
2.187370468750000000e+05
2.365648437500000000e+05
2.387490937500000000e+05
2.376353906250000000e+05
2.160772812500000000e+05
2.183715312500000000e+05
3.022824687500000000e+05
5.651194375000000000e+05
3.606789375000000000e+05
3.285140625000000000e+05
4.715372500000000000e+05
3.253848125000000000e+05
2.732814687500000000e+05
3.121380937500000000e+05
7.920787500000000000e+05
2.747577500000000000e+05
2.458660625000000000e+05
4.542495625000000000e+05
2.190636500000000000e+06
3.521971250000000000e+05
3.715843750000000000e+05
3.011500625000000000e+05
4.268907500000000000e+05
2.595800000000000000e+05
2.176100937500000000e+05
2.203366093750000000e+05
2.422886718750000000e+05
2.541540625000000000e+05
3.350423125000000000e+05
2.416547812500000000e+05
2.728884375000000000e+05
3.732901875000000000e+05
2.887774375000000000e+05
4.655055312500000000e+05
7.900989375000000000e+05
2.366286562500000000e+05
2.579098906250000000e+05
1.427733750000000000e+06
1.333859000000000000e+06
2.935546250000000000e+05
2.495374531250000000e+05
2.642480625000000000e+05
2.645870625000000000e+05
2.192674062500000000e+05
2.248265000000000000e+05
2.360938437500000000e+05
2.385989375000000000e+05
2.863423750000000000e+05
2.512571250000000000e+05
3.625564375000000000e+05
3.345585000000000000e+05
4.674444687500000000e+05
2.706038125000000000e+05
2.769999375000000000e+05
2.303415468750000000e+05
2.323100000000000000e+05
2.601755625000000000e+05
3.976751562500000000e+05
5.393668125000000000e+05
3.470015625000000000e+05
2.470120937500000000e+05
4.179518125000000000e+05
2.333679531250000000e+05
2.239393125000000000e+05
3.157551250000000000e+05
3.854588125000000000e+05
2.712000312500000000e+05
2.927151250000000000e+05
3.775074062500000000e+05
9.325390625000000000e+05
3.220504062500000000e+05
3.094255000000000000e+05
2.395315000000000000e+05
3.054731875000000000e+05
2.547253281250000000e+05
4.975109375000000000e+05
2.471197968750000000e+05
3.093698125000000000e+05
3.551182500000000000e+05
3.369277500000000000e+05
5.639211250000000000e+05
3.958787500000000000e+05
2.695317500000000000e+05
3.031366250000000000e+05
1.867797375000000000e+06
6.308161250000000000e+05
2.889191250000000000e+05
3.489962500000000000e+05
4.696388437500000000e+05
3.789539375000000000e+05
2.941666250000000000e+05
2.635463125000000000e+05
2.394040000000000000e+05
2.287235000000000000e+05
3.949496250000000000e+05
2.722276875000000000e+05
2.451073125000000000e+05
4.113280937500000000e+05
2.578348125000000000e+05
2.850312812500000000e+05
4.471527812500000000e+05
3.158913750000000000e+05
3.001231875000000000e+05
9.611512500000000000e+05
4.028803000000000000e+06
5.055550625000000000e+05
3.077873437500000000e+05
2.813074375000000000e+05
3.160923750000000000e+05
3.418414687500000000e+05
6.002758125000000000e+05
2.638616562500000000e+05
3.398680937500000000e+05
2.323017968750000000e+05
2.264249687500000000e+05
2.289404687500000000e+05
3.037501562500000000e+05
2.715807500000000000e+05
3.784414375000000000e+05
2.851431875000000000e+05
3.528263125000000000e+05
5.599028125000000000e+05
3.523253750000000000e+05
2.136109250000000000e+06
6.669659375000000000e+05
3.250243750000000000e+05
2.312744687500000000e+05
2.747348750000000000e+05
5.286793125000000000e+05
7.467785000000000000e+05
3.121179062500000000e+05
3.302039375000000000e+05
2.138103125000000000e+05
2.491213437500000000e+05
2.415579062500000000e+05
3.244963750000000000e+05
8.421020625000000000e+05
3.661255625000000000e+05
3.868478437500000000e+05
3.411980625000000000e+05
5.977176875000000000e+05
2.711933125000000000e+05
2.671223750000000000e+05
3.201066250000000000e+05
2.378871250000000000e+05
2.236095312500000000e+05
2.601291406250000000e+05
4.780663125000000000e+05
7.570828750000000000e+05
4.299970312500000000e+05
9.101944375000000000e+05
2.935045000000000000e+05
2.453630937500000000e+05
4.379118750000000000e+05
2.392630000000000000e+05
2.791270000000000000e+05
2.442319218750000000e+05
2.385037656250000000e+05
3.561610000000000000e+05
2.288213750000000000e+05
2.215327500000000000e+05
2.159203906250000000e+05
2.282972187500000000e+05
2.492637968750000000e+05
2.161854375000000000e+05
2.241843125000000000e+05
3.543443125000000000e+05
4.494324375000000000e+05
7.552247500000000000e+05
4.349534375000000000e+05
2.858020000000000000e+05
1.985020468750000000e+05
2.144060156250000000e+05
2.926377812500000000e+05
3.030152187500000000e+05
2.285288437500000000e+05
2.043377187500000000e+05
1.945894375000000000e+05
1.893856718750000000e+05
1.837387187500000000e+05
1.878679687500000000e+05
